
"PATTY-BDC-DELTA-MAX-CLAUSES,numeric/ipc-2023/block-grouping,instance_100_20_5_1.pddl,False,True,30000,-1,0,161,402,1,-1,0,40,80,80,-1,-1,2.49,-1,-1,-1"
"PATTY-BDC-DELTA-MAX-CLAUSES,numeric/ipc-2023/block-grouping,instance_100_25_6_2.pddl,False,True,30000,-1,0,201,502,1,-1,0,50,100,100,-1,-1,2.49,-1,-1,-1"
"PATTY-BDC-DELTA-MAX-CLAUSES,numeric/ipc-2023/block-grouping,instance_11_10_2_3.pddl,False,True,30000,-1,0,81,202,1,-1,0,20,40,40,-1,-1,2.48,-1,-1,-1"
"PATTY-BDC-DELTA-MAX-CLAUSES,numeric/ipc-2023/block-grouping,instance_11_30_7_2.pddl,False,True,30000,-1,0,241,602,1,-1,0,60,120,120,-1,-1,2.49,-1,-1,-1"
"PATTY-BDC-DELTA-MAX-CLAUSES,numeric/ipc-2023/block-grouping,instance_11_35_8_3.pddl,False,True,30000,-1,0,281,702,1,-1,0,70,140,140,-1,-1,2.49,-1,-1,-1"
"PATTY-BDC-DELTA-MAX-CLAUSES,numeric/ipc-2023/block-grouping,instance_11_40_10_1.pddl,False,True,30000,-1,0,321,802,1,-1,0,80,160,160,-1,-1,2.5,-1,-1,-1"
"PATTY-BDC-DELTA-MAX-CLAUSES,numeric/ipc-2023/block-grouping,instance_15_10_2_3.pddl,False,True,30000,-1,0,81,202,1,-1,0,20,40,40,-1,-1,2.48,-1,-1,-1"
"PATTY-BDC-DELTA-MAX-CLAUSES,numeric/ipc-2023/block-grouping,instance_15_25_6_3.pddl,False,True,30000,-1,0,201,502,1,-1,0,50,100,100,-1,-1,2.49,-1,-1,-1"
"PATTY-BDC-DELTA-MAX-CLAUSES,numeric/ipc-2023/block-grouping,instance_20_10_2_1.pddl,False,True,30000,-1,0,81,202,1,-1,0,20,40,40,-1,-1,2.48,-1,-1,-1"
"PATTY-BDC-DELTA-MAX-CLAUSES,numeric/ipc-2023/block-grouping,instance_20_10_2_3.pddl,True,False,22990.0,1,153,81,202,1,1,0,20,40,40,17,38,2.48,20,-1,-1"
"PATTY-BDC-DELTA-MAX-CLAUSES,numeric/ipc-2023/block-grouping,instance_20_15_3_2.pddl,False,True,30000,-1,0,121,302,1,-1,0,30,60,60,-1,-1,2.49,-1,-1,-1"
"PATTY-BDC-DELTA-MAX-CLAUSES,numeric/ipc-2023/block-grouping,instance_20_30_7_2.pddl,False,True,30000,-1,0,241,602,1,-1,0,60,120,120,-1,-1,2.49,-1,-1,-1"
"PATTY-BDC-DELTA-MAX-CLAUSES,numeric/ipc-2023/block-grouping,instance_20_40_10_2.pddl,False,True,30000,-1,0,321,802,1,-1,0,80,160,160,-1,-1,2.5,-1,-1,-1"
"PATTY-BDC-DELTA-MAX-CLAUSES,numeric/ipc-2023/block-grouping,instance_20_5_2_1.pddl,True,False,1320.0,1,116,41,102,1,1,0,10,20,20,13,20,2.46,15,-1,-1"
"PATTY-BDC-DELTA-MAX-CLAUSES,numeric/ipc-2023/block-grouping,instance_20_5_2_2.pddl,True,False,1870.0,1,112,41,102,1,1,0,10,20,20,19,19,2.46,16,-1,-1"
"PATTY-BDC-DELTA-MAX-CLAUSES,numeric/ipc-2023/block-grouping,instance_25_15_3_1.pddl,False,True,30000,-1,0,121,302,1,-1,0,30,60,60,-1,-1,2.49,-1,-1,-1"
"PATTY-BDC-DELTA-MAX-CLAUSES,numeric/ipc-2023/block-grouping,instance_25_35_8_1.pddl,False,True,30000,-1,0,281,702,1,-1,0,70,140,140,-1,-1,2.49,-1,-1,-1"
"PATTY-BDC-DELTA-MAX-CLAUSES,numeric/ipc-2023/block-grouping,instance_25_40_10_3.pddl,False,True,30000,-1,0,321,802,1,-1,0,80,160,160,-1,-1,2.5,-1,-1,-1"
"PATTY-BDC-DELTA-MAX-CLAUSES,numeric/ipc-2023/block-grouping,instance_5_25_6_1.pddl,False,True,30000,-1,0,201,502,1,-1,0,50,100,100,-1,-1,2.49,-1,-1,-1"
"PATTY-BDC-DELTA-MAX-CLAUSES,numeric/ipc-2023/block-grouping,instance_7_10_2_1.pddl,True,False,15180.0,1,114,81,202,1,1,0,20,40,40,6,39,2.48,29,-1,-1"
"PATTY-BDC-DELTA-MAX-CLAUSES,numeric/ipc-2023/counters,fz_instance_12.pddl,True,False,1950.0,1,136,49,122,1,1,0,12,24,24,24,24,2.47,14,-1,-1"
"PATTY-BDC-DELTA-MAX-CLAUSES,numeric/ipc-2023/counters,fz_instance_4.pddl,True,False,750.0,1,28,17,42,1,1,0,4,8,8,8,8,2.4,5,-1,-1"
"PATTY-BDC-DELTA-MAX-CLAUSES,numeric/ipc-2023/counters,fz_instance_40.pddl,False,True,30000,-1,0,161,402,1,-1,0,40,80,80,-1,-1,2.49,-1,-1,-1"
"PATTY-BDC-DELTA-MAX-CLAUSES,numeric/ipc-2023/counters,inv_instance_12.pddl,True,False,1550.0,1,142,49,122,1,1,0,12,24,24,17,23,2.47,18,-1,-1"
"PATTY-BDC-DELTA-MAX-CLAUSES,numeric/ipc-2023/counters,inv_instance_16.pddl,True,False,2480.0,1,232,65,162,1,1,0,16,32,32,24,29,2.48,23,-1,-1"
"PATTY-BDC-DELTA-MAX-CLAUSES,numeric/ipc-2023/counters,inv_instance_36.pddl,False,True,30000,-1,0,145,362,1,-1,0,36,72,72,-1,-1,2.49,-1,-1,-1"
"PATTY-BDC-DELTA-MAX-CLAUSES,numeric/ipc-2023/counters,inv_instance_4.pddl,True,False,640.0,1,20,17,42,1,1,0,4,8,8,7,6,2.4,4,-1,-1"
"PATTY-BDC-DELTA-MAX-CLAUSES,numeric/ipc-2023/counters,rnd_instance_12_3.pddl,True,False,1350.0,1,126,49,122,1,1,0,12,24,24,16,22,2.47,13,-1,-1"
"PATTY-BDC-DELTA-MAX-CLAUSES,numeric/ipc-2023/counters,rnd_instance_20_1.pddl,True,False,1780.0,1,283,81,202,1,1,0,20,40,40,31,39,2.48,31,-1,-1"
"PATTY-BDC-DELTA-MAX-CLAUSES,numeric/ipc-2023/counters,rnd_instance_24_1.pddl,True,False,8550.0,1,357,97,242,1,1,0,24,48,48,30,47,2.48,39,-1,-1"
"PATTY-BDC-DELTA-MAX-CLAUSES,numeric/ipc-2023/counters,rnd_instance_28_1.pddl,True,False,8010.0,1,677,113,282,1,1,0,28,56,56,42,55,2.49,51,-1,-1"
"PATTY-BDC-DELTA-MAX-CLAUSES,numeric/ipc-2023/counters,rnd_instance_32_1.pddl,True,False,14460.0,1,861,129,322,1,1,0,32,64,64,63,64,2.49,58,-1,-1"
"PATTY-BDC-DELTA-MAX-CLAUSES,numeric/ipc-2023/counters,rnd_instance_32_2.pddl,True,False,7100.0,1,907,129,322,1,1,0,32,64,64,63,63,2.49,58,-1,-1"
"PATTY-BDC-DELTA-MAX-CLAUSES,numeric/ipc-2023/counters,rnd_instance_36_2.pddl,False,True,30000,-1,0,145,362,1,-1,0,36,72,72,-1,-1,2.49,-1,-1,-1"
"PATTY-BDC-DELTA-MAX-CLAUSES,numeric/ipc-2023/counters,rnd_instance_40_1.pddl,False,True,30000,-1,0,161,402,1,-1,0,40,80,80,-1,-1,2.49,-1,-1,-1"
"PATTY-BDC-DELTA-MAX-CLAUSES,numeric/ipc-2023/counters,rnd_instance_40_2.pddl,False,True,30000,-1,0,161,402,1,-1,0,40,80,80,-1,-1,2.49,-1,-1,-1"
"PATTY-BDC-DELTA-MAX-CLAUSES,numeric/ipc-2023/counters,rnd_instance_40_3.pddl,False,True,30000,-1,0,161,402,1,-1,0,40,80,80,-1,-1,2.49,-1,-1,-1"
"PATTY-BDC-DELTA-MAX-CLAUSES,numeric/ipc-2023/counters,rnd_instance_4_1.pddl,True,False,660.0,1,16,17,42,1,1,0,4,8,8,5,7,2.4,4,-1,-1"
"PATTY-BDC-DELTA-MAX-CLAUSES,numeric/ipc-2023/counters,rnd_instance_8_2.pddl,True,False,770.0,1,74,33,82,1,1,0,8,16,16,15,15,2.45,13,-1,-1"
"PATTY-BDC-DELTA-MAX-CLAUSES,numeric/ipc-2023/counters,rnd_instance_8_3.pddl,True,False,1000.0,1,51,33,82,1,1,0,8,16,16,11,16,2.45,10,-1,-1"
"PATTY-BDC-DELTA-MAX-CLAUSES,numeric/ipc-2023/delivery,prob01.pddl,True,False,1640.0,2,16,371,1191,2,2,46,3,136,272,1,16,18.45,0,-1,-1"
"PATTY-BDC-DELTA-MAX-CLAUSES,numeric/ipc-2023/delivery,prob02.pddl,True,False,10650.0,4,34,935,3339,4,4,64,3,200,800,1,34,46.86,0,-1,-1"
"PATTY-BDC-DELTA-MAX-CLAUSES,numeric/ipc-2023/delivery,prob03.pddl,True,False,16850.0,4,24,1227,4399,4,4,82,3,264,1056,1,24,59.65,0,-1,-1"
"PATTY-BDC-DELTA-MAX-CLAUSES,numeric/ipc-2023/delivery,prob04.pddl,False,True,30000,-1,0,2239,8147,4,-1,132,3,492,1968,-1,-1,104.75,-1,-1,-1"
"PATTY-BDC-DELTA-MAX-CLAUSES,numeric/ipc-2023/delivery,prob05.pddl,False,True,30000,-1,0,1811,6519,4,-1,118,3,392,1568,-1,-1,85.18,-1,-1,-1"
"PATTY-BDC-DELTA-MAX-CLAUSES,numeric/ipc-2023/delivery,prob06.pddl,False,True,30000,-1,0,2039,7227,3,-1,152,3,576,1728,-1,-1,97.84,-1,-1,-1"
"PATTY-BDC-DELTA-MAX-CLAUSES,numeric/ipc-2023/delivery,prob07.pddl,False,True,30000,-1,0,1663,5603,2,-1,172,3,656,1312,-1,-1,76.17,-1,-1,-1"
"PATTY-BDC-DELTA-MAX-CLAUSES,numeric/ipc-2023/delivery,prob08.pddl,False,True,30000,-1,0,1863,6283,2,-1,192,3,736,1472,-1,-1,84.98,-1,-1,-1"
"PATTY-BDC-DELTA-MAX-CLAUSES,numeric/ipc-2023/delivery,prob09.pddl,False,True,30000,-1,0,2435,8319,2,-1,234,3,980,1960,-1,-1,113.47,-1,-1,-1"
"PATTY-BDC-DELTA-MAX-CLAUSES,numeric/ipc-2023/delivery,prob10.pddl,False,True,30000,-1,0,2281,7128,1,-1,329,4,1614,1614,-1,-1,67.7,-1,-1,-1"
"PATTY-BDC-DELTA-MAX-CLAUSES,numeric/ipc-2023/delivery,prob11.pddl,False,True,30000,-1,0,1707,5172,1,-1,274,2,1154,1154,-1,-1,73.45,-1,-1,-1"
"PATTY-BDC-DELTA-MAX-CLAUSES,numeric/ipc-2023/delivery,prob12.pddl,False,True,30000,-1,0,2666,8332,1,-1,385,4,1887,1887,-1,-1,76.46,-1,-1,-1"
"PATTY-BDC-DELTA-MAX-CLAUSES,numeric/ipc-2023/delivery,prob13.pddl,False,True,30000,-1,0,2866,8964,1,-1,413,4,2031,2031,-1,-1,81.87,-1,-1,-1"
"PATTY-BDC-DELTA-MAX-CLAUSES,numeric/ipc-2023/delivery,prob14.pddl,False,True,30000,-1,0,3498,11126,1,-1,474,4,2541,2541,-1,-1,114.26,-1,-1,-1"
"PATTY-BDC-DELTA-MAX-CLAUSES,numeric/ipc-2023/delivery,prob15.pddl,False,True,30000,-1,0,3726,11858,1,-1,504,4,2709,2709,-1,-1,119.58,-1,-1,-1"
"PATTY-BDC-DELTA-MAX-CLAUSES,numeric/ipc-2023/delivery,prob16.pddl,False,True,30000,-1,0,-1,-1,-1,-1,639,4,4305,-1,-1,-1,-1,-1,-1,-1"
"PATTY-BDC-DELTA-MAX-CLAUSES,numeric/ipc-2023/delivery,prob17.pddl,False,True,30000,-1,0,-1,-1,-1,-1,675,4,4557,-1,-1,-1,-1,-1,-1,-1"
"PATTY-BDC-DELTA-MAX-CLAUSES,numeric/ipc-2023/delivery,prob18.pddl,False,True,30000,-1,0,-1,-1,-1,-1,711,4,4809,-1,-1,-1,-1,-1,-1,-1"
"PATTY-BDC-DELTA-MAX-CLAUSES,numeric/ipc-2023/delivery,prob19.pddl,False,True,30000,-1,0,-1,-1,-1,-1,747,4,5061,-1,-1,-1,-1,-1,-1,-1"
"PATTY-BDC-DELTA-MAX-CLAUSES,numeric/ipc-2023/delivery,prob20.pddl,False,True,30000,-1,0,-1,-1,-1,-1,783,4,5313,-1,-1,-1,-1,-1,-1,-1"
"PATTY-BDC-DELTA-MAX-CLAUSES,numeric/ipc-2023/drone,problem_10_10_3.pddl,False,True,30000,-1,0,1841,4314,4,-1,300,4,307,1228,-1,-1,97.45,-1,-1,-1"
"PATTY-BDC-DELTA-MAX-CLAUSES,numeric/ipc-2023/drone,problem_1_1_2.pddl,True,False,930.0,3,9,43,112,3,3,2,4,9,27,2,7,6.68,2,-1,-1"
"PATTY-BDC-DELTA-MAX-CLAUSES,numeric/ipc-2023/drone,problem_1_1_4.pddl,True,False,940.0,5,27,77,206,5,5,4,4,11,55,13,13,10.47,2,-1,-1"
"PATTY-BDC-DELTA-MAX-CLAUSES,numeric/ipc-2023/drone,problem_1_8_1.pddl,True,False,2630.0,9,43,169,466,9,9,8,4,15,135,21,17,18.65,2,-1,-1"
"PATTY-BDC-DELTA-MAX-CLAUSES,numeric/ipc-2023/drone,problem_1_9_3.pddl,False,True,30000,-1,0,413,1122,10,-1,27,4,34,340,-1,-1,29.67,-1,-1,-1"
"PATTY-BDC-DELTA-MAX-CLAUSES,numeric/ipc-2023/drone,problem_2_5_4.pddl,False,True,30000,-1,0,569,1538,10,-1,40,4,47,470,-1,-1,34.57,-1,-1,-1"
"PATTY-BDC-DELTA-MAX-CLAUSES,numeric/ipc-2023/drone,problem_2_8_3.pddl,False,True,30000,-1,0,665,1794,10,-1,48,4,55,550,-1,-1,37.39,-1,-1,-1"
"PATTY-BDC-DELTA-MAX-CLAUSES,numeric/ipc-2023/drone,problem_2_9_1.pddl,False,True,30000,-1,0,305,834,10,-1,18,4,25,250,-1,-1,25.79,-1,-1,-1"
"PATTY-BDC-DELTA-MAX-CLAUSES,numeric/ipc-2023/drone,problem_3_3_4.pddl,False,True,30000,-1,0,565,1542,11,-1,36,4,43,473,-1,-1,34.98,-1,-1,-1"
"PATTY-BDC-DELTA-MAX-CLAUSES,numeric/ipc-2023/drone,problem_4_2_5.pddl,False,True,30000,-1,0,569,1538,10,-1,40,4,47,470,-1,-1,34.57,-1,-1,-1"
"PATTY-BDC-DELTA-MAX-CLAUSES,numeric/ipc-2023/drone,problem_4_9_5.pddl,False,True,30000,-1,0,1873,4890,8,-1,180,4,187,1496,-1,-1,75.16,-1,-1,-1"
"PATTY-BDC-DELTA-MAX-CLAUSES,numeric/ipc-2023/drone,problem_5_10_1.pddl,False,True,30000,-1,0,747,2032,11,-1,50,4,57,627,-1,-1,40.03,-1,-1,-1"
"PATTY-BDC-DELTA-MAX-CLAUSES,numeric/ipc-2023/drone,problem_5_2_2.pddl,False,True,30000,-1,0,329,898,10,-1,20,4,27,270,-1,-1,26.71,-1,-1,-1"
"PATTY-BDC-DELTA-MAX-CLAUSES,numeric/ipc-2023/drone,problem_6_8_1.pddl,False,True,30000,-1,0,665,1794,10,-1,48,4,55,550,-1,-1,37.39,-1,-1,-1"
"PATTY-BDC-DELTA-MAX-CLAUSES,numeric/ipc-2023/drone,problem_7_6_4.pddl,False,True,30000,-1,0,1753,4578,8,-1,168,4,175,1400,-1,-1,71.44,-1,-1,-1"
"PATTY-BDC-DELTA-MAX-CLAUSES,numeric/ipc-2023/drone,problem_8_1_2.pddl,False,True,30000,-1,0,281,770,10,-1,16,4,23,230,-1,-1,24.82,-1,-1,-1"
"PATTY-BDC-DELTA-MAX-CLAUSES,numeric/ipc-2023/drone,problem_8_1_4.pddl,False,True,30000,-1,0,513,1402,11,-1,32,4,39,429,-1,-1,33.45,-1,-1,-1"
"PATTY-BDC-DELTA-MAX-CLAUSES,numeric/ipc-2023/drone,problem_8_1_5.pddl,False,True,30000,-1,0,569,1538,10,-1,40,4,47,470,-1,-1,34.57,-1,-1,-1"
"PATTY-BDC-DELTA-MAX-CLAUSES,numeric/ipc-2023/drone,problem_8_7_1.pddl,False,True,30000,-1,0,825,2242,11,-1,56,4,63,693,-1,-1,42.1,-1,-1,-1"
"PATTY-BDC-DELTA-MAX-CLAUSES,numeric/ipc-2023/drone,problem_9_7_3.pddl,False,True,30000,-1,0,1766,4533,7,-1,189,4,196,1372,-1,-1,75.32,-1,-1,-1"
"PATTY-BDC-DELTA-MAX-CLAUSES,numeric/ipc-2023/expedition,pfile1.pddl,True,False,7150.0,6,50,605,1916,6,6,24,14,88,528,4,28,76.35,10,-1,-1"
"PATTY-BDC-DELTA-MAX-CLAUSES,numeric/ipc-2023/expedition,pfile10.pddl,False,True,30000,-1,0,1685,5468,7,-1,56,30,216,1512,-1,-1,212.74,-1,-1,-1"
"PATTY-BDC-DELTA-MAX-CLAUSES,numeric/ipc-2023/expedition,pfile11.pddl,True,False,15490.0,6,48,305,962,6,6,12,8,44,264,4,26,39.89,11,-1,-1"
"PATTY-BDC-DELTA-MAX-CLAUSES,numeric/ipc-2023/expedition,pfile12.pddl,False,True,30000,-1,0,907,2941,7,-1,30,17,116,812,-1,-1,115.85,-1,-1,-1"
"PATTY-BDC-DELTA-MAX-CLAUSES,numeric/ipc-2023/expedition,pfile13.pddl,False,True,30000,-1,0,411,1317,7,-1,14,9,52,364,-1,-1,54.12,-1,-1,-1"
"PATTY-BDC-DELTA-MAX-CLAUSES,numeric/ipc-2023/expedition,pfile14.pddl,False,True,30000,-1,0,413,1312,6,-1,16,10,60,360,-1,-1,53.03,-1,-1,-1"
"PATTY-BDC-DELTA-MAX-CLAUSES,numeric/ipc-2023/expedition,pfile15.pddl,False,True,30000,-1,0,535,1723,7,-1,18,11,68,476,-1,-1,69.54,-1,-1,-1"
"PATTY-BDC-DELTA-MAX-CLAUSES,numeric/ipc-2023/expedition,pfile16.pddl,False,True,30000,-1,0,597,1926,7,-1,20,12,76,532,-1,-1,77.25,-1,-1,-1"
"PATTY-BDC-DELTA-MAX-CLAUSES,numeric/ipc-2023/expedition,pfile17.pddl,False,True,30000,-1,0,659,2129,7,-1,22,13,84,588,-1,-1,84.97,-1,-1,-1"
"PATTY-BDC-DELTA-MAX-CLAUSES,numeric/ipc-2023/expedition,pfile18.pddl,False,True,30000,-1,0,721,2332,7,-1,24,14,92,644,-1,-1,92.69,-1,-1,-1"
"PATTY-BDC-DELTA-MAX-CLAUSES,numeric/ipc-2023/expedition,pfile19.pddl,False,True,30000,-1,0,783,2535,7,-1,26,15,100,700,-1,-1,100.41,-1,-1,-1"
"PATTY-BDC-DELTA-MAX-CLAUSES,numeric/ipc-2023/expedition,pfile2.pddl,False,True,30000,-1,0,1809,5874,7,-1,60,32,232,1624,-1,-1,228.18,-1,-1,-1"
"PATTY-BDC-DELTA-MAX-CLAUSES,numeric/ipc-2023/expedition,pfile20.pddl,False,True,30000,-1,0,845,2738,7,-1,28,16,108,756,-1,-1,108.13,-1,-1,-1"
"PATTY-BDC-DELTA-MAX-CLAUSES,numeric/ipc-2023/expedition,pfile3.pddl,False,True,30000,-1,0,1129,3706,10,-1,28,16,104,1040,-1,-1,150.15,-1,-1,-1"
"PATTY-BDC-DELTA-MAX-CLAUSES,numeric/ipc-2023/expedition,pfile4.pddl,False,True,30000,-1,0,1301,4280,10,-1,32,18,120,1200,-1,-1,172.43,-1,-1,-1"
"PATTY-BDC-DELTA-MAX-CLAUSES,numeric/ipc-2023/expedition,pfile5.pddl,False,True,30000,-1,0,1337,4382,9,-1,36,20,136,1224,-1,-1,174.98,-1,-1,-1"
"PATTY-BDC-DELTA-MAX-CLAUSES,numeric/ipc-2023/expedition,pfile6.pddl,False,True,30000,-1,0,1493,4900,9,-1,40,22,152,1368,-1,-1,194.99,-1,-1,-1"
"PATTY-BDC-DELTA-MAX-CLAUSES,numeric/ipc-2023/expedition,pfile7.pddl,False,True,30000,-1,0,1481,4834,8,-1,44,24,168,1344,-1,-1,190.7,-1,-1,-1"
"PATTY-BDC-DELTA-MAX-CLAUSES,numeric/ipc-2023/expedition,pfile8.pddl,False,True,30000,-1,0,1621,5296,8,-1,48,26,184,1472,-1,-1,208.42,-1,-1,-1"
"PATTY-BDC-DELTA-MAX-CLAUSES,numeric/ipc-2023/expedition,pfile9.pddl,False,True,30000,-1,0,1561,5062,7,-1,52,28,200,1400,-1,-1,197.29,-1,-1,-1"
"PATTY-BDC-DELTA-MAX-CLAUSES,numeric/ipc-2023/ext-plant-watering,instance_10_11_2_1.pddl,False,True,30000,-1,0,241,669,5,-1,0,20,40,200,-1,-1,26.85,-1,-1,-1"
"PATTY-BDC-DELTA-MAX-CLAUSES,numeric/ipc-2023/ext-plant-watering,instance_10_17_2_1.pddl,False,True,30000,-1,0,313,867,5,-1,0,26,52,260,-1,-1,35.43,-1,-1,-1"
"PATTY-BDC-DELTA-MAX-CLAUSES,numeric/ipc-2023/ext-plant-watering,instance_10_5_2_1.pddl,True,False,3300.0,5,289,141,387,5,5,0,14,28,112,9,100,15.58,75,-1,-1"
"PATTY-BDC-DELTA-MAX-CLAUSES,numeric/ipc-2023/ext-plant-watering,instance_10_7_2_1.pddl,True,False,8020.0,6,537,161,441,6,6,0,16,32,128,9,164,17.6,145,-1,-1"
"PATTY-BDC-DELTA-MAX-CLAUSES,numeric/ipc-2023/ext-plant-watering,instance_11_17_2_1.pddl,False,True,30000,-1,0,313,867,5,-1,0,26,52,260,-1,-1,35.36,-1,-1,-1"
"PATTY-BDC-DELTA-MAX-CLAUSES,numeric/ipc-2023/ext-plant-watering,instance_11_5_2_1.pddl,True,False,3870.0,6,446,141,387,6,6,0,14,28,112,10,127,15.58,105,-1,-1"
"PATTY-BDC-DELTA-MAX-CLAUSES,numeric/ipc-2023/ext-plant-watering,instance_12_15_2_1.pddl,False,True,30000,-1,0,337,945,6,-1,0,24,48,288,-1,-1,38.7,-1,-1,-1"
"PATTY-BDC-DELTA-MAX-CLAUSES,numeric/ipc-2023/ext-plant-watering,instance_12_17_2_1.pddl,False,True,30000,-1,0,365,1023,6,-1,0,26,52,312,-1,-1,42.16,-1,-1,-1"
"PATTY-BDC-DELTA-MAX-CLAUSES,numeric/ipc-2023/ext-plant-watering,instance_12_19_2_1.pddl,False,True,30000,-1,0,393,1101,6,-1,0,28,56,336,-1,-1,45.63,-1,-1,-1"
"PATTY-BDC-DELTA-MAX-CLAUSES,numeric/ipc-2023/ext-plant-watering,instance_12_7_2_1.pddl,True,False,11740.0,6,559,161,441,6,6,0,16,32,128,11,168,17.6,151,-1,-1"
"PATTY-BDC-DELTA-MAX-CLAUSES,numeric/ipc-2023/ext-plant-watering,instance_13_13_2_1.pddl,False,True,30000,-1,0,265,735,5,-1,0,22,44,220,-1,-1,29.74,-1,-1,-1"
"PATTY-BDC-DELTA-MAX-CLAUSES,numeric/ipc-2023/ext-plant-watering,instance_13_15_2_1.pddl,False,True,30000,-1,0,337,945,6,-1,0,24,48,288,-1,-1,38.7,-1,-1,-1"
"PATTY-BDC-DELTA-MAX-CLAUSES,numeric/ipc-2023/ext-plant-watering,instance_13_9_2_1.pddl,False,True,30000,-1,0,253,711,6,-1,0,18,36,216,-1,-1,28.6,-1,-1,-1"
"PATTY-BDC-DELTA-MAX-CLAUSES,numeric/ipc-2023/ext-plant-watering,instance_14_13_2_1.pddl,False,True,30000,-1,0,265,735,5,-1,0,22,44,220,-1,-1,29.7,-1,-1,-1"
"PATTY-BDC-DELTA-MAX-CLAUSES,numeric/ipc-2023/ext-plant-watering,instance_14_17_2_1.pddl,False,True,30000,-1,0,365,1023,6,-1,0,26,52,312,-1,-1,42.16,-1,-1,-1"
"PATTY-BDC-DELTA-MAX-CLAUSES,numeric/ipc-2023/ext-plant-watering,instance_14_19_2_1.pddl,False,True,30000,-1,0,393,1101,6,-1,0,28,56,336,-1,-1,45.66,-1,-1,-1"
"PATTY-BDC-DELTA-MAX-CLAUSES,numeric/ipc-2023/ext-plant-watering,instance_15_15_2_1.pddl,False,True,30000,-1,0,289,801,5,-1,0,24,48,240,-1,-1,32.57,-1,-1,-1"
"PATTY-BDC-DELTA-MAX-CLAUSES,numeric/ipc-2023/ext-plant-watering,instance_15_17_2_1.pddl,False,True,30000,-1,0,365,1023,6,-1,0,26,52,312,-1,-1,42.16,-1,-1,-1"
"PATTY-BDC-DELTA-MAX-CLAUSES,numeric/ipc-2023/ext-plant-watering,instance_15_19_2_1.pddl,False,True,30000,-1,0,393,1101,6,-1,0,28,56,336,-1,-1,45.66,-1,-1,-1"
"PATTY-BDC-DELTA-MAX-CLAUSES,numeric/ipc-2023/ext-plant-watering,instance_15_7_2_1.pddl,True,False,18880.0,5,421,161,441,5,5,0,16,32,128,13,117,17.55,105,-1,-1"
"PATTY-BDC-DELTA-MAX-CLAUSES,numeric/ipc-2023/farmland,instance_10_500_1229.pddl,True,False,4540.0,1,1176,75,191,1,1,0,11,52,52,371,41,5.54,30,-1,-1"
"PATTY-BDC-DELTA-MAX-CLAUSES,numeric/ipc-2023/farmland,instance_10_700_1229.pddl,True,False,7380.0,1,1563,75,191,1,1,0,11,52,52,537,49,5.54,41,-1,-1"
"PATTY-BDC-DELTA-MAX-CLAUSES,numeric/ipc-2023/farmland,instance_2_300_1229.pddl,True,False,880.0,1,322,11,23,1,1,0,3,4,4,246,2,2.91,2,-1,-1"
"PATTY-BDC-DELTA-MAX-CLAUSES,numeric/ipc-2023/farmland,instance_2_600_1229.pddl,True,False,900.0,1,536,11,23,1,1,0,3,4,4,488,4,2.91,4,-1,-1"
"PATTY-BDC-DELTA-MAX-CLAUSES,numeric/ipc-2023/farmland,instance_2_700_1229.pddl,True,False,890.0,1,447,11,23,1,1,0,3,4,4,433,4,2.91,4,-1,-1"
"PATTY-BDC-DELTA-MAX-CLAUSES,numeric/ipc-2023/farmland,instance_4_200_1229.pddl,True,False,830.0,1,249,27,65,1,1,0,5,16,16,189,13,4.51,13,-1,-1"
"PATTY-BDC-DELTA-MAX-CLAUSES,numeric/ipc-2023/farmland,instance_4_300_1229.pddl,True,False,1460.0,1,629,27,65,1,1,0,5,16,16,167,13,4.51,13,-1,-1"
"PATTY-BDC-DELTA-MAX-CLAUSES,numeric/ipc-2023/farmland,instance_4_400_1229.pddl,True,False,1030.0,1,450,27,65,1,1,0,5,16,16,389,13,4.51,13,-1,-1"
"PATTY-BDC-DELTA-MAX-CLAUSES,numeric/ipc-2023/farmland,instance_4_600_1229.pddl,True,False,2000.0,1,966,27,65,1,1,0,5,16,16,571,16,4.51,14,-1,-1"
"PATTY-BDC-DELTA-MAX-CLAUSES,numeric/ipc-2023/farmland,instance_4_700_1229.pddl,True,False,1120.0,1,1906,27,65,1,1,0,5,16,16,689,12,4.51,11,-1,-1"
"PATTY-BDC-DELTA-MAX-CLAUSES,numeric/ipc-2023/farmland,instance_4_800_1229.pddl,True,False,4840.0,1,2026,27,65,1,1,0,5,16,16,789,12,4.51,12,-1,-1"
"PATTY-BDC-DELTA-MAX-CLAUSES,numeric/ipc-2023/farmland,instance_6_100_1229.pddl,True,False,910.0,1,257,43,107,1,1,0,7,28,28,84,15,5.17,11,-1,-1"
"PATTY-BDC-DELTA-MAX-CLAUSES,numeric/ipc-2023/farmland,instance_6_200_1229.pddl,True,False,1330.0,1,208,43,107,1,1,0,7,28,28,168,18,5.17,10,-1,-1"
"PATTY-BDC-DELTA-MAX-CLAUSES,numeric/ipc-2023/farmland,instance_6_400_1229.pddl,True,False,3610.0,1,967,43,107,1,1,0,7,28,28,342,24,5.17,20,-1,-1"
"PATTY-BDC-DELTA-MAX-CLAUSES,numeric/ipc-2023/farmland,instance_6_500_1229.pddl,True,False,1480.0,1,1130,43,107,1,1,0,7,28,28,438,17,5.17,12,-1,-1"
"PATTY-BDC-DELTA-MAX-CLAUSES,numeric/ipc-2023/farmland,instance_6_600_1229.pddl,True,False,1160.0,1,682,43,107,1,1,0,7,28,28,589,17,5.17,14,-1,-1"
"PATTY-BDC-DELTA-MAX-CLAUSES,numeric/ipc-2023/farmland,instance_6_900_1229.pddl,True,False,4310.0,1,1876,43,107,1,1,0,7,28,28,612,27,5.17,24,-1,-1"
"PATTY-BDC-DELTA-MAX-CLAUSES,numeric/ipc-2023/farmland,instance_8_200_1229.pddl,True,False,6090.0,1,522,59,149,1,1,0,9,40,40,173,30,5.35,22,-1,-1"
"PATTY-BDC-DELTA-MAX-CLAUSES,numeric/ipc-2023/farmland,instance_8_400_1229.pddl,True,False,11100.0,1,757,59,149,1,1,0,9,40,40,192,28,5.35,27,-1,-1"
"PATTY-BDC-DELTA-MAX-CLAUSES,numeric/ipc-2023/farmland,instance_8_700_1229.pddl,True,False,14110.0,1,834,59,149,1,1,0,9,40,40,506,40,5.35,35,-1,-1"
"PATTY-BDC-DELTA-MAX-CLAUSES,numeric/ipc-2023/fo-farmland,instance_10_100_1229.pddl,False,True,30000,-1,0,78,187,1,-1,0,12,53,53,-1,-1,6.73,-1,-1,-1"
"PATTY-BDC-DELTA-MAX-CLAUSES,numeric/ipc-2023/fo-farmland,instance_10_200_1229.pddl,False,True,30000,-1,0,78,187,1,-1,0,12,53,53,-1,-1,6.73,-1,-1,-1"
"PATTY-BDC-DELTA-MAX-CLAUSES,numeric/ipc-2023/fo-farmland,instance_10_400_1229.pddl,False,True,30000,-1,0,78,187,1,-1,0,12,53,53,-1,-1,6.73,-1,-1,-1"
"PATTY-BDC-DELTA-MAX-CLAUSES,numeric/ipc-2023/fo-farmland,instance_2_200_1229.pddl,True,False,1520.0,1,25,14,27,1,1,0,4,5,5,10,5,3.37,4,-1,-1"
"PATTY-BDC-DELTA-MAX-CLAUSES,numeric/ipc-2023/fo-farmland,instance_2_400_1229.pddl,True,False,850.0,1,438,14,27,1,1,0,4,5,5,399,4,3.37,2,-1,-1"
"PATTY-BDC-DELTA-MAX-CLAUSES,numeric/ipc-2023/fo-farmland,instance_4_1000_1229.pddl,True,False,5160.0,1,2465,30,67,1,1,0,6,17,17,751,13,5.36,13,-1,-1"
"PATTY-BDC-DELTA-MAX-CLAUSES,numeric/ipc-2023/fo-farmland,instance_4_300_1229.pddl,True,False,1970.0,1,516,30,67,1,1,0,6,17,17,226,12,5.36,10,-1,-1"
"PATTY-BDC-DELTA-MAX-CLAUSES,numeric/ipc-2023/fo-farmland,instance_4_400_1229.pddl,True,False,3420.0,1,946,30,67,1,1,0,6,17,17,282,16,5.36,13,-1,-1"
"PATTY-BDC-DELTA-MAX-CLAUSES,numeric/ipc-2023/fo-farmland,instance_4_800_1229.pddl,True,False,4980.0,1,2407,30,67,1,1,0,6,17,17,794,13,5.36,12,-1,-1"
"PATTY-BDC-DELTA-MAX-CLAUSES,numeric/ipc-2023/fo-farmland,instance_6_100_1229.pddl,True,False,5700.0,1,247,46,107,1,1,0,8,29,29,50,16,6.14,13,-1,-1"
"PATTY-BDC-DELTA-MAX-CLAUSES,numeric/ipc-2023/fo-farmland,instance_6_400_1229.pddl,True,False,16770.0,1,602,46,107,1,1,0,8,29,29,393,21,6.14,15,-1,-1"
"PATTY-BDC-DELTA-MAX-CLAUSES,numeric/ipc-2023/fo-farmland,instance_6_600_1229.pddl,True,False,19980.0,1,1358,46,107,1,1,0,8,29,29,600,19,6.14,19,-1,-1"
"PATTY-BDC-DELTA-MAX-CLAUSES,numeric/ipc-2023/fo-farmland,instance_6_800_1229.pddl,True,False,16670.0,1,2353,46,107,1,1,0,8,29,29,800,13,6.14,11,-1,-1"
"PATTY-BDC-DELTA-MAX-CLAUSES,numeric/ipc-2023/fo-farmland,instance_6_900_1229.pddl,True,False,3260.0,1,1993,46,107,1,1,0,8,29,29,846,19,6.14,16,-1,-1"
"PATTY-BDC-DELTA-MAX-CLAUSES,numeric/ipc-2023/fo-farmland,instance_8_300_1229.pddl,False,True,30000,-1,0,62,147,1,-1,0,10,41,41,-1,-1,6.4,-1,-1,-1"
"PATTY-BDC-DELTA-MAX-CLAUSES,numeric/ipc-2023/fo-farmland,instance_8_400_1229.pddl,True,False,28690.0,1,527,62,147,1,1,0,10,41,41,340,24,6.4,22,-1,-1"
"PATTY-BDC-DELTA-MAX-CLAUSES,numeric/ipc-2023/fo-farmland,instance_8_500_1229.pddl,True,False,13120.0,1,886,62,147,1,1,0,10,41,41,315,18,6.4,16,-1,-1"
"PATTY-BDC-DELTA-MAX-CLAUSES,numeric/ipc-2023/fo-farmland,instance_8_600_1229.pddl,True,False,13140.0,1,954,62,147,1,1,0,10,41,41,311,22,6.4,21,-1,-1"
"PATTY-BDC-DELTA-MAX-CLAUSES,numeric/ipc-2023/fo-farmland,instance_8_700_1229.pddl,False,True,30000,-1,0,62,147,1,-1,0,10,41,41,-1,-1,6.4,-1,-1,-1"
"PATTY-BDC-DELTA-MAX-CLAUSES,numeric/ipc-2023/fo-farmland,instance_8_900_1229.pddl,False,True,30000,-1,0,62,147,1,-1,0,10,41,41,-1,-1,6.4,-1,-1,-1"
"PATTY-BDC-DELTA-MAX-CLAUSES,numeric/ipc-2023/fo-sailing,instance_1_1_1229.pddl,True,False,810.0,1,86,19,43,1,1,1,3,10,10,36,7,1.95,6,-1,-1"
"PATTY-BDC-DELTA-MAX-CLAUSES,numeric/ipc-2023/fo-sailing,instance_1_2_1229.pddl,True,False,700.0,2,247,33,84,2,2,2,3,11,22,168,12,3.12,10,-1,-1"
"PATTY-BDC-DELTA-MAX-CLAUSES,numeric/ipc-2023/fo-sailing,instance_1_3_1229.pddl,True,False,14930.0,3,1463,49,133,3,3,3,3,12,36,427,20,4.51,13,-1,-1"
"PATTY-BDC-DELTA-MAX-CLAUSES,numeric/ipc-2023/fo-sailing,instance_1_4_1229.pddl,False,True,30000,-1,0,67,190,4,-1,4,3,13,52,-1,-1,6.06,-1,-1,-1"
"PATTY-BDC-DELTA-MAX-CLAUSES,numeric/ipc-2023/fo-sailing,instance_2_1_1229.pddl,True,False,880.0,1,177,35,82,1,1,1,6,20,20,87,5,1.98,3,-1,-1"
"PATTY-BDC-DELTA-MAX-CLAUSES,numeric/ipc-2023/fo-sailing,instance_2_2_1229.pddl,True,False,830.0,1,360,39,92,1,1,2,6,22,22,181,8,2.49,6,-1,-1"
"PATTY-BDC-DELTA-MAX-CLAUSES,numeric/ipc-2023/fo-sailing,instance_2_3_1229.pddl,True,False,17160.0,2,59216,67,180,2,2,3,6,24,48,22288,28,3.77,21,-1,-1"
"PATTY-BDC-DELTA-MAX-CLAUSES,numeric/ipc-2023/fo-sailing,instance_2_4_1229.pddl,True,False,1350.0,2,785,73,198,2,2,4,6,26,52,239,30,4.26,21,-1,-1"
"PATTY-BDC-DELTA-MAX-CLAUSES,numeric/ipc-2023/fo-sailing,instance_3_1_1229.pddl,True,False,970.0,1,922,51,121,1,1,1,9,30,30,188,12,1.98,9,-1,-1"
"PATTY-BDC-DELTA-MAX-CLAUSES,numeric/ipc-2023/fo-sailing,instance_3_2_1229.pddl,True,False,720.0,1,212,56,135,1,1,2,9,33,33,184,5,2.5,2,-1,-1"
"PATTY-BDC-DELTA-MAX-CLAUSES,numeric/ipc-2023/fo-sailing,instance_3_3_1229.pddl,True,False,930.0,1,244,61,149,1,1,3,9,36,36,186,14,2.93,8,-1,-1"
"PATTY-BDC-DELTA-MAX-CLAUSES,numeric/ipc-2023/fo-sailing,instance_3_4_1229.pddl,False,True,30000,-1,0,105,292,2,-1,4,9,39,78,-1,-1,4.29,-1,-1,-1"
"PATTY-BDC-DELTA-MAX-CLAUSES,numeric/ipc-2023/fo-sailing,instance_4_1_1229.pddl,True,False,960.0,1,836,67,160,1,1,1,12,40,40,180,13,1.99,8,-1,-1"
"PATTY-BDC-DELTA-MAX-CLAUSES,numeric/ipc-2023/fo-sailing,instance_4_2_1229.pddl,True,False,690.0,1,518,73,178,1,1,2,12,44,44,180,14,2.51,10,-1,-1"
"PATTY-BDC-DELTA-MAX-CLAUSES,numeric/ipc-2023/fo-sailing,instance_4_3_1229.pddl,True,False,1020.0,1,314,79,196,1,1,3,12,48,48,183,16,2.94,11,-1,-1"
"PATTY-BDC-DELTA-MAX-CLAUSES,numeric/ipc-2023/fo-sailing,instance_4_4_1229.pddl,True,False,1150.0,1,5884,85,214,1,1,4,12,52,52,1339,24,3.29,13,-1,-1"
"PATTY-BDC-DELTA-MAX-CLAUSES,numeric/ipc-2023/fo-sailing,instance_5_1_1229.pddl,True,False,900.0,1,87,83,199,1,1,1,15,50,50,29,10,1.99,6,-1,-1"
"PATTY-BDC-DELTA-MAX-CLAUSES,numeric/ipc-2023/fo-sailing,instance_5_2_1229.pddl,True,False,1010.0,1,417,90,221,1,1,2,15,55,55,104,16,2.52,12,-1,-1"
"PATTY-BDC-DELTA-MAX-CLAUSES,numeric/ipc-2023/fo-sailing,instance_5_3_1229.pddl,True,False,800.0,1,507,97,243,1,1,3,15,60,60,102,13,2.95,10,-1,-1"
"PATTY-BDC-DELTA-MAX-CLAUSES,numeric/ipc-2023/fo-sailing,instance_5_4_1229.pddl,True,False,1980.0,1,1055,104,265,1,1,4,15,65,65,305,37,3.31,18,-1,-1"
"PATTY-BDC-DELTA-MAX-CLAUSES,numeric/ipc-2023/fo_counters,instance_10.pddl,True,False,5120.0,1,85,83,185,1,1,0,21,40,40,12,27,3.16,13,-1,-1"
"PATTY-BDC-DELTA-MAX-CLAUSES,numeric/ipc-2023/fo_counters,instance_11.pddl,True,False,28120.0,1,142,91,203,1,1,0,23,44,44,19,31,3.17,18,-1,-1"
"PATTY-BDC-DELTA-MAX-CLAUSES,numeric/ipc-2023/fo_counters,instance_12.pddl,False,True,30000,-1,0,99,221,1,-1,0,25,48,48,-1,-1,3.17,-1,-1,-1"
"PATTY-BDC-DELTA-MAX-CLAUSES,numeric/ipc-2023/fo_counters,instance_13.pddl,False,True,30000,-1,0,107,239,1,-1,0,27,52,52,-1,-1,3.18,-1,-1,-1"
"PATTY-BDC-DELTA-MAX-CLAUSES,numeric/ipc-2023/fo_counters,instance_14.pddl,False,True,30000,-1,0,115,257,1,-1,0,29,56,56,-1,-1,3.18,-1,-1,-1"
"PATTY-BDC-DELTA-MAX-CLAUSES,numeric/ipc-2023/fo_counters,instance_15.pddl,False,True,30000,-1,0,123,275,1,-1,0,31,60,60,-1,-1,3.18,-1,-1,-1"
"PATTY-BDC-DELTA-MAX-CLAUSES,numeric/ipc-2023/fo_counters,instance_16.pddl,False,True,30000,-1,0,131,293,1,-1,0,33,64,64,-1,-1,3.18,-1,-1,-1"
"PATTY-BDC-DELTA-MAX-CLAUSES,numeric/ipc-2023/fo_counters,instance_17.pddl,False,True,30000,-1,0,139,311,1,-1,0,35,68,68,-1,-1,3.19,-1,-1,-1"
"PATTY-BDC-DELTA-MAX-CLAUSES,numeric/ipc-2023/fo_counters,instance_18.pddl,False,True,30000,-1,0,147,329,1,-1,0,37,72,72,-1,-1,3.19,-1,-1,-1"
"PATTY-BDC-DELTA-MAX-CLAUSES,numeric/ipc-2023/fo_counters,instance_19.pddl,False,True,30000,-1,0,155,347,1,-1,0,39,76,76,-1,-1,3.19,-1,-1,-1"
"PATTY-BDC-DELTA-MAX-CLAUSES,numeric/ipc-2023/fo_counters,instance_2.pddl,True,False,820.0,1,11,19,41,1,1,0,5,8,8,4,6,2.95,2,-1,-1"
"PATTY-BDC-DELTA-MAX-CLAUSES,numeric/ipc-2023/fo_counters,instance_20.pddl,False,True,30000,-1,0,163,365,1,-1,0,41,80,80,-1,-1,3.19,-1,-1,-1"
"PATTY-BDC-DELTA-MAX-CLAUSES,numeric/ipc-2023/fo_counters,instance_21.pddl,False,True,30000,-1,0,171,383,1,-1,0,43,84,84,-1,-1,3.19,-1,-1,-1"
"PATTY-BDC-DELTA-MAX-CLAUSES,numeric/ipc-2023/fo_counters,instance_3.pddl,True,False,880.0,1,17,27,59,1,1,0,7,12,12,5,9,3.03,4,-1,-1"
"PATTY-BDC-DELTA-MAX-CLAUSES,numeric/ipc-2023/fo_counters,instance_4.pddl,True,False,760.0,1,25,35,77,1,1,0,9,16,16,6,12,3.08,5,-1,-1"
"PATTY-BDC-DELTA-MAX-CLAUSES,numeric/ipc-2023/fo_counters,instance_5.pddl,True,False,1220.0,1,42,43,95,1,1,0,11,20,20,9,14,3.11,9,-1,-1"
"PATTY-BDC-DELTA-MAX-CLAUSES,numeric/ipc-2023/fo_counters,instance_6.pddl,True,False,1560.0,1,38,51,113,1,1,0,13,24,24,7,17,3.12,8,-1,-1"
"PATTY-BDC-DELTA-MAX-CLAUSES,numeric/ipc-2023/fo_counters,instance_7.pddl,True,False,1200.0,1,74,59,131,1,1,0,15,28,28,13,19,3.14,10,-1,-1"
"PATTY-BDC-DELTA-MAX-CLAUSES,numeric/ipc-2023/fo_counters,instance_8.pddl,True,False,2880.0,1,87,67,149,1,1,0,17,32,32,13,24,3.15,11,-1,-1"
"PATTY-BDC-DELTA-MAX-CLAUSES,numeric/ipc-2023/fo_counters,instance_9.pddl,True,False,4059.9999999999995,1,50,75,167,1,1,0,19,36,36,7,25,3.16,12,-1,-1"
"PATTY-BDC-DELTA-MAX-CLAUSES,numeric/ipc-2023/hydropower,pfile01.pddl,True,False,6900.0,1,69,251,595,1,1,49,3,146,146,1,69,19.52,0,-1,-1"
"PATTY-BDC-DELTA-MAX-CLAUSES,numeric/ipc-2023/hydropower,pfile02.pddl,True,False,7510.0,1,48,251,595,1,1,49,3,146,146,1,48,19.52,0,-1,-1"
"PATTY-BDC-DELTA-MAX-CLAUSES,numeric/ipc-2023/hydropower,pfile04.pddl,True,False,16210.0,1,64,251,595,1,1,49,3,146,146,2,51,19.52,13,-1,-1"
"PATTY-BDC-DELTA-MAX-CLAUSES,numeric/ipc-2023/hydropower,pfile05.pddl,True,False,20880.0,1,85,251,595,1,1,49,3,146,146,3,66,19.52,17,-1,-1"
"PATTY-BDC-DELTA-MAX-CLAUSES,numeric/ipc-2023/hydropower,pfile06.pddl,True,False,19030.0,1,69,251,595,1,1,49,3,146,146,2,62,19.52,7,-1,-1"
"PATTY-BDC-DELTA-MAX-CLAUSES,numeric/ipc-2023/hydropower,pfile07.pddl,True,False,20510.0,1,91,251,595,1,1,49,3,146,146,4,78,19.52,11,-1,-1"
"PATTY-BDC-DELTA-MAX-CLAUSES,numeric/ipc-2023/hydropower,pfile08.pddl,True,False,13260.0,1,71,251,595,1,1,49,3,146,146,4,61,19.52,7,-1,-1"
"PATTY-BDC-DELTA-MAX-CLAUSES,numeric/ipc-2023/hydropower,pfile09.pddl,True,False,17280.0,1,107,251,595,1,1,49,3,146,146,5,85,19.52,18,-1,-1"
"PATTY-BDC-DELTA-MAX-CLAUSES,numeric/ipc-2023/hydropower,pfile11.pddl,True,False,22580.0,1,131,251,595,1,1,49,3,146,146,9,85,19.52,28,-1,-1"
"PATTY-BDC-DELTA-MAX-CLAUSES,numeric/ipc-2023/hydropower,pfile12.pddl,True,False,9000.0,1,153,251,595,1,1,49,3,146,146,13,88,19.52,36,-1,-1"
"PATTY-BDC-DELTA-MAX-CLAUSES,numeric/ipc-2023/hydropower,pfile13.pddl,True,False,17860.0,1,146,251,595,1,1,49,3,146,146,15,81,19.52,32,-1,-1"
"PATTY-BDC-DELTA-MAX-CLAUSES,numeric/ipc-2023/hydropower,pfile14.pddl,True,False,21150.0,1,184,251,595,1,1,49,3,146,146,18,99,19.52,43,-1,-1"
"PATTY-BDC-DELTA-MAX-CLAUSES,numeric/ipc-2023/hydropower,pfile18.pddl,True,False,16810.0,1,257,251,595,1,1,49,3,146,146,26,118,19.52,55,-1,-1"
"PATTY-BDC-DELTA-MAX-CLAUSES,numeric/ipc-2023/hydropower,pfile19.pddl,True,False,11690.0,1,289,251,595,1,1,49,3,146,146,30,126,19.52,64,-1,-1"
"PATTY-BDC-DELTA-MAX-CLAUSES,numeric/ipc-2023/hydropower,pfile20.pddl,False,True,30000,-1,0,251,595,1,-1,49,3,146,146,-1,-1,19.52,-1,-1,-1"
"PATTY-BDC-DELTA-MAX-CLAUSES,numeric/ipc-2023/hydropower,pfile22.pddl,True,False,27850.0,1,292,251,595,1,1,49,3,146,146,38,111,19.52,49,-1,-1"
"PATTY-BDC-DELTA-MAX-CLAUSES,numeric/ipc-2023/hydropower,pfile23.pddl,False,True,30000,-1,0,251,595,1,-1,49,3,146,146,-1,-1,19.52,-1,-1,-1"
"PATTY-BDC-DELTA-MAX-CLAUSES,numeric/ipc-2023/hydropower,pfile24.pddl,False,True,30000,-1,0,251,595,1,-1,49,3,146,146,-1,-1,19.52,-1,-1,-1"
"PATTY-BDC-DELTA-MAX-CLAUSES,numeric/ipc-2023/hydropower,pfile27.pddl,False,True,30000,-1,0,251,595,1,-1,49,3,146,146,-1,-1,19.52,-1,-1,-1"
"PATTY-BDC-DELTA-MAX-CLAUSES,numeric/ipc-2023/hydropower,pfile28.pddl,True,False,12460.0,1,397,251,595,1,1,49,3,146,146,53,123,19.52,68,-1,-1"
"PATTY-BDC-DELTA-MAX-CLAUSES,numeric/ipc-2023/markettrader,pfile01.pddl,False,True,30000,-1,0,92,220,3,-1,2,16,55,55,-1,-1,8.19,-1,-1,-1"
"PATTY-BDC-DELTA-MAX-CLAUSES,numeric/ipc-2023/markettrader,pfile02.pddl,False,True,30000,-1,0,86,205,4,-1,2,15,51,51,-1,-1,7.71,-1,-1,-1"
"PATTY-BDC-DELTA-MAX-CLAUSES,numeric/ipc-2023/markettrader,pfile03.pddl,False,True,30000,-1,0,86,205,4,-1,2,15,51,51,-1,-1,7.71,-1,-1,-1"
"PATTY-BDC-DELTA-MAX-CLAUSES,numeric/ipc-2023/markettrader,pfile04.pddl,False,True,30000,-1,0,87,208,5,-1,2,15,52,52,-1,-1,7.95,-1,-1,-1"
"PATTY-BDC-DELTA-MAX-CLAUSES,numeric/ipc-2023/markettrader,pfile05.pddl,False,True,30000,-1,0,87,208,5,-1,2,15,52,52,-1,-1,7.95,-1,-1,-1"
"PATTY-BDC-DELTA-MAX-CLAUSES,numeric/ipc-2023/markettrader,pfile06.pddl,False,True,30000,-1,0,132,334,1,-1,3,18,89,89,-1,-1,10.9,-1,-1,-1"
"PATTY-BDC-DELTA-MAX-CLAUSES,numeric/ipc-2023/markettrader,pfile07.pddl,False,True,30000,-1,0,217,603,4,-1,3,16,85,178,-1,-1,28.85,-1,-1,-1"
"PATTY-BDC-DELTA-MAX-CLAUSES,numeric/ipc-2023/markettrader,pfile08.pddl,False,True,30000,-1,0,123,313,1,-1,3,16,84,84,-1,-1,11.89,-1,-1,-1"
"PATTY-BDC-DELTA-MAX-CLAUSES,numeric/ipc-2023/markettrader,pfile09.pddl,False,True,30000,-1,0,122,308,1,-1,3,16,83,83,-1,-1,12.77,-1,-1,-1"
"PATTY-BDC-DELTA-MAX-CLAUSES,numeric/ipc-2023/markettrader,pfile10.pddl,False,True,30000,-1,0,134,340,1,-1,3,18,91,91,-1,-1,11.49,-1,-1,-1"
"PATTY-BDC-DELTA-MAX-CLAUSES,numeric/ipc-2023/markettrader,pfile11.pddl,False,True,30000,-1,0,152,398,1,-1,4,16,111,111,-1,-1,16.05,-1,-1,-1"
"PATTY-BDC-DELTA-MAX-CLAUSES,numeric/ipc-2023/markettrader,pfile12.pddl,False,True,30000,-1,0,147,390,1,-1,4,15,108,108,-1,-1,15.78,-1,-1,-1"
"PATTY-BDC-DELTA-MAX-CLAUSES,numeric/ipc-2023/markettrader,pfile13.pddl,False,True,30000,-1,0,161,424,1,-1,4,17,118,118,-1,-1,15.31,-1,-1,-1"
"PATTY-BDC-DELTA-MAX-CLAUSES,numeric/ipc-2023/markettrader,pfile14.pddl,False,True,30000,-1,0,159,416,1,-1,4,17,116,116,-1,-1,16.91,-1,-1,-1"
"PATTY-BDC-DELTA-MAX-CLAUSES,numeric/ipc-2023/markettrader,pfile15.pddl,False,True,30000,-1,0,165,433,1,-1,4,18,120,120,-1,-1,14.39,-1,-1,-1"
"PATTY-BDC-DELTA-MAX-CLAUSES,numeric/ipc-2023/markettrader,pfile16.pddl,False,True,30000,-1,0,196,522,1,-1,5,18,149,149,-1,-1,19.31,-1,-1,-1"
"PATTY-BDC-DELTA-MAX-CLAUSES,numeric/ipc-2023/markettrader,pfile17.pddl,False,True,30000,-1,0,194,525,1,-1,5,17,149,149,-1,-1,21.08,-1,-1,-1"
"PATTY-BDC-DELTA-MAX-CLAUSES,numeric/ipc-2023/markettrader,pfile18.pddl,False,True,30000,-1,0,200,540,1,-1,5,18,153,153,-1,-1,21.04,-1,-1,-1"
"PATTY-BDC-DELTA-MAX-CLAUSES,numeric/ipc-2023/markettrader,pfile19.pddl,False,True,30000,-1,0,196,522,1,-1,5,18,149,149,-1,-1,19.63,-1,-1,-1"
"PATTY-BDC-DELTA-MAX-CLAUSES,numeric/ipc-2023/markettrader,pfile20.pddl,False,True,30000,-1,0,200,538,1,-1,5,18,153,153,-1,-1,19.93,-1,-1,-1"
"PATTY-BDC-DELTA-MAX-CLAUSES,numeric/ipc-2023/mprime,pfile01.pddl,True,False,980.0,2,81,239,685,2,2,27,7,85,170,9,37,12.74,25,-1,-1"
"PATTY-BDC-DELTA-MAX-CLAUSES,numeric/ipc-2023/mprime,pfile02.pddl,False,True,30000,-1,0,3017,10425,2,-1,248,11,1249,2498,-1,-1,67.2,-1,-1,-1"
"PATTY-BDC-DELTA-MAX-CLAUSES,numeric/ipc-2023/mprime,pfile04.pddl,True,False,2290.0,2,85,733,2153,2,2,87,11,268,536,5,47,31.7,30,-1,-1"
"PATTY-BDC-DELTA-MAX-CLAUSES,numeric/ipc-2023/mprime,pfile05.pddl,True,False,17710.0,2,45,2641,9102,2,2,212,12,1096,2192,4,33,60.36,10,-1,-1"
"PATTY-BDC-DELTA-MAX-CLAUSES,numeric/ipc-2023/mprime,pfile09.pddl,True,False,13960.0,2,44,2031,6943,2,2,171,11,833,1666,3,33,45.9,8,-1,-1"
"PATTY-BDC-DELTA-MAX-CLAUSES,numeric/ipc-2023/mprime,pfile13.pddl,False,True,30000,-1,0,-1,-1,-1,-1,1488,29,15002,-1,-1,-1,-1,-1,-1,-1"
"PATTY-BDC-DELTA-MAX-CLAUSES,numeric/ipc-2023/mprime,pfile14.pddl,False,True,30000,-1,0,-1,-1,-1,-1,1509,30,17595,-1,-1,-1,-1,-1,-1,-1"
"PATTY-BDC-DELTA-MAX-CLAUSES,numeric/ipc-2023/mprime,pfile15.pddl,False,True,30000,-1,0,6772,23351,1,-1,551,28,5613,5613,-1,-1,52.89,-1,-1,-1"
"PATTY-BDC-DELTA-MAX-CLAUSES,numeric/ipc-2023/mprime,pfile16.pddl,True,False,14600.0,1,64,2190,7113,1,1,239,18,1675,1675,5,43,25.77,16,-1,-1"
"PATTY-BDC-DELTA-MAX-CLAUSES,numeric/ipc-2023/mprime,pfile18.pddl,False,True,30000,-1,0,8157,29023,2,-1,415,29,3634,7268,-1,-1,97.37,-1,-1,-1"
"PATTY-BDC-DELTA-MAX-CLAUSES,numeric/ipc-2023/mprime,pfile19.pddl,False,True,30000,-1,0,4820,16286,1,-1,442,23,3889,3889,-1,-1,48.54,-1,-1,-1"
"PATTY-BDC-DELTA-MAX-CLAUSES,numeric/ipc-2023/mprime,pfile20.pddl,False,True,30000,-1,0,5559,19557,2,-1,314,29,2436,4872,-1,-1,48.67,-1,-1,-1"
"PATTY-BDC-DELTA-MAX-CLAUSES,numeric/ipc-2023/mprime,pfile21.pddl,False,True,30000,-1,0,6625,22160,1,-1,684,18,5220,5220,-1,-1,92.68,-1,-1,-1"
"PATTY-BDC-DELTA-MAX-CLAUSES,numeric/ipc-2023/mprime,pfile22.pddl,False,True,30000,-1,0,-1,-1,-1,-1,1002,37,13561,-1,-1,-1,-1,-1,-1,-1"
"PATTY-BDC-DELTA-MAX-CLAUSES,numeric/ipc-2023/mprime,pfile23.pddl,False,True,30000,-1,0,6104,20629,1,-1,549,26,4953,4953,-1,-1,66.99,-1,-1,-1"
"PATTY-BDC-DELTA-MAX-CLAUSES,numeric/ipc-2023/mprime,pfile24.pddl,False,True,30000,-1,0,5128,15929,1,-1,711,18,3669,3669,-1,-1,114.97,-1,-1,-1"
"PATTY-BDC-DELTA-MAX-CLAUSES,numeric/ipc-2023/mprime,pfile25.pddl,True,False,880.0,2,42,189,572,2,2,20,6,68,136,4,24,10.67,14,-1,-1"
"PATTY-BDC-DELTA-MAX-CLAUSES,numeric/ipc-2023/mprime,pfile26.pddl,False,True,30000,-1,0,1879,6373,2,-1,128,17,794,1588,-1,-1,32.33,-1,-1,-1"
"PATTY-BDC-DELTA-MAX-CLAUSES,numeric/ipc-2023/mprime,pfile27.pddl,True,False,2980.0,2,173,893,2936,2,2,81,10,355,710,14,70,25.12,45,-1,-1"
"PATTY-BDC-DELTA-MAX-CLAUSES,numeric/ipc-2023/mprime,pfile28.pddl,True,False,1670.0,3,93,428,1323,3,3,47,6,107,321,8,36,28.3,24,-1,-1"
"PATTY-BDC-DELTA-MAX-CLAUSES,numeric/ipc-2023/pathwaysmetric,pfile01.pddl,True,False,970.0,1,71,163,295,1,1,32,27,44,44,28,14,2.24,9,-1,-1"
"PATTY-BDC-DELTA-MAX-CLAUSES,numeric/ipc-2023/pathwaysmetric,pfile03.pddl,True,False,1030.0,1,100,261,484,1,1,38,55,74,74,17,23,2.46,15,-1,-1"
"PATTY-BDC-DELTA-MAX-CLAUSES,numeric/ipc-2023/pathwaysmetric,pfile04.pddl,True,False,1430.0,1,145,326,619,1,1,44,68,101,101,26,35,2.59,25,-1,-1"
"PATTY-BDC-DELTA-MAX-CLAUSES,numeric/ipc-2023/pathwaysmetric,pfile06.pddl,True,False,2220.0,1,553,559,1053,1,1,70,126,166,166,53,82,3.06,59,-1,-1"
"PATTY-BDC-DELTA-MAX-CLAUSES,numeric/ipc-2023/pathwaysmetric,pfile07.pddl,True,False,4019.9999999999995,1,848,698,1330,1,1,80,161,215,215,122,119,3.19,97,-1,-1"
"PATTY-BDC-DELTA-MAX-CLAUSES,numeric/ipc-2023/pathwaysmetric,pfile08.pddl,True,False,7980.0,1,2477,841,1635,1,1,82,200,276,276,353,234,3.56,170,-1,-1"
"PATTY-BDC-DELTA-MAX-CLAUSES,numeric/ipc-2023/pathwaysmetric,pfile09.pddl,False,True,30000,-1,0,834,1607,1,-1,96,186,269,269,-1,-1,3.65,-1,-1,-1"
"PATTY-BDC-DELTA-MAX-CLAUSES,numeric/ipc-2023/pathwaysmetric,pfile10.pddl,True,False,5970.0,1,10873,761,1535,1,1,78,158,288,288,1894,273,3.38,228,-1,-1"
"PATTY-BDC-DELTA-MAX-CLAUSES,numeric/ipc-2023/pathwaysmetric,pfile11.pddl,True,False,3580.0,1,1302,757,1500,1,1,94,147,274,274,206,120,2.99,91,-1,-1"
"PATTY-BDC-DELTA-MAX-CLAUSES,numeric/ipc-2023/pathwaysmetric,pfile13.pddl,True,False,3260.0,1,1060,860,1697,1,1,96,182,303,303,78,177,3.24,145,-1,-1"
"PATTY-BDC-DELTA-MAX-CLAUSES,numeric/ipc-2023/pathwaysmetric,pfile14.pddl,True,False,11760.0,1,6512,877,1732,1,1,86,199,306,306,1352,228,3.81,171,-1,-1"
"PATTY-BDC-DELTA-MAX-CLAUSES,numeric/ipc-2023/pathwaysmetric,pfile15.pddl,True,False,4680.0,1,1997,932,1910,1,1,90,190,371,371,190,260,3.52,223,-1,-1"
"PATTY-BDC-DELTA-MAX-CLAUSES,numeric/ipc-2023/pathwaysmetric,pfile16.pddl,False,True,30000,-1,0,1459,2959,1,-1,110,344,550,550,-1,-1,4.44,-1,-1,-1"
"PATTY-BDC-DELTA-MAX-CLAUSES,numeric/ipc-2023/pathwaysmetric,pfile18.pddl,True,False,9390.0,1,6644,1128,2218,1,1,92,281,381,381,848,324,4.38,252,-1,-1"
"PATTY-BDC-DELTA-MAX-CLAUSES,numeric/ipc-2023/pathwaysmetric,pfile20.pddl,True,False,17100.0,1,4700,1257,2488,1,1,104,306,436,436,541,376,4.47,299,-1,-1"
"PATTY-BDC-DELTA-MAX-CLAUSES,numeric/ipc-2023/pathwaysmetric,pfile21.pddl,False,True,30000,-1,0,1475,3013,1,-1,122,328,574,574,-1,-1,4.17,-1,-1,-1"
"PATTY-BDC-DELTA-MAX-CLAUSES,numeric/ipc-2023/pathwaysmetric,pfile23.pddl,True,False,28320.0,1,18607,1304,2662,1,1,122,274,511,511,3776,426,3.9,358,-1,-1"
"PATTY-BDC-DELTA-MAX-CLAUSES,numeric/ipc-2023/pathwaysmetric,pfile24.pddl,True,False,19740.0,1,17984,1471,2892,1,1,112,376,494,494,3074,414,4.59,324,-1,-1"
"PATTY-BDC-DELTA-MAX-CLAUSES,numeric/ipc-2023/pathwaysmetric,pfile26.pddl,False,True,30000,-1,0,1662,3415,1,-1,134,367,659,659,-1,-1,4.46,-1,-1,-1"
"PATTY-BDC-DELTA-MAX-CLAUSES,numeric/ipc-2023/pathwaysmetric,pfile27.pddl,False,True,30000,-1,0,1946,3999,1,-1,142,447,767,767,-1,-1,4.78,-1,-1,-1"
"PATTY-BDC-DELTA-MAX-CLAUSES,numeric/ipc-2023/rover,pfile1.pddl,True,False,1790.0,2,15,229,655,2,2,40,2,72,144,3,12,34.03,2,-1,-1"
"PATTY-BDC-DELTA-MAX-CLAUSES,numeric/ipc-2023/rover,pfile10.pddl,False,True,30000,-1,0,1861,6365,3,-1,166,5,506,1518,-1,-1,99.72,-1,-1,-1"
"PATTY-BDC-DELTA-MAX-CLAUSES,numeric/ipc-2023/rover,pfile11.pddl,False,True,30000,-1,0,2519,8925,3,-1,171,5,722,2166,-1,-1,135.07,-1,-1,-1"
"PATTY-BDC-DELTA-MAX-CLAUSES,numeric/ipc-2023/rover,pfile12.pddl,True,False,15750.0,2,51,1619,5351,2,2,175,5,629,1258,14,27,86.37,4,-1,-1"
"PATTY-BDC-DELTA-MAX-CLAUSES,numeric/ipc-2023/rover,pfile13.pddl,False,True,30000,-1,0,2553,8875,2,-1,204,5,1067,2134,-1,-1,136.01,-1,-1,-1"
"PATTY-BDC-DELTA-MAX-CLAUSES,numeric/ipc-2023/rover,pfile14.pddl,False,True,30000,-1,0,2895,10150,3,-1,212,5,820,2460,-1,-1,155.97,-1,-1,-1"
"PATTY-BDC-DELTA-MAX-CLAUSES,numeric/ipc-2023/rover,pfile15.pddl,False,True,30000,-1,0,2765,9481,2,-1,242,5,1135,2270,-1,-1,157.91,-1,-1,-1"
"PATTY-BDC-DELTA-MAX-CLAUSES,numeric/ipc-2023/rover,pfile16.pddl,False,True,30000,-1,0,2295,7625,2,-1,243,5,899,1798,-1,-1,132.98,-1,-1,-1"
"PATTY-BDC-DELTA-MAX-CLAUSES,numeric/ipc-2023/rover,pfile17.pddl,False,True,30000,-1,0,2784,8510,1,-1,422,7,1925,1925,-1,-1,83.07,-1,-1,-1"
"PATTY-BDC-DELTA-MAX-CLAUSES,numeric/ipc-2023/rover,pfile18.pddl,False,True,30000,-1,0,3547,10665,1,-1,561,7,2410,2410,-1,-1,96.67,-1,-1,-1"
"PATTY-BDC-DELTA-MAX-CLAUSES,numeric/ipc-2023/rover,pfile19.pddl,False,True,30000,-1,0,-1,-1,-1,-1,593,7,4250,-1,-1,-1,-1,-1,-1,-1"
"PATTY-BDC-DELTA-MAX-CLAUSES,numeric/ipc-2023/rover,pfile2.pddl,True,False,1420.0,2,18,253,719,2,2,45,2,79,158,2,16,37.08,2,-1,-1"
"PATTY-BDC-DELTA-MAX-CLAUSES,numeric/ipc-2023/rover,pfile20.pddl,False,True,30000,-1,0,-1,-1,-1,-1,858,9,6723,-1,-1,-1,-1,-1,-1,-1"
"PATTY-BDC-DELTA-MAX-CLAUSES,numeric/ipc-2023/rover,pfile3.pddl,True,False,3020.0,3,72,465,1455,3,3,61,3,112,336,24,27,44.51,7,-1,-1"
"PATTY-BDC-DELTA-MAX-CLAUSES,numeric/ipc-2023/rover,pfile4.pddl,True,False,1420.0,1,40,259,603,1,1,68,3,116,116,18,12,13.97,3,-1,-1"
"PATTY-BDC-DELTA-MAX-CLAUSES,numeric/ipc-2023/rover,pfile5.pddl,True,False,3860.0,2,72,505,1541,2,2,74,3,175,350,22,30,44.46,4,-1,-1"
"PATTY-BDC-DELTA-MAX-CLAUSES,numeric/ipc-2023/rover,pfile6.pddl,False,True,30000,-1,0,1463,5259,5,-1,83,3,258,1290,-1,-1,160.11,-1,-1,-1"
"PATTY-BDC-DELTA-MAX-CLAUSES,numeric/ipc-2023/rover,pfile7.pddl,True,False,5320.0,2,41,663,2015,2,2,99,4,228,456,9,27,38.7,4,-1,-1"
"PATTY-BDC-DELTA-MAX-CLAUSES,numeric/ipc-2023/rover,pfile8.pddl,True,False,7840.0,2,62,1217,3935,2,2,145,5,458,916,21,31,59.01,5,-1,-1"
"PATTY-BDC-DELTA-MAX-CLAUSES,numeric/ipc-2023/rover,pfile9.pddl,False,True,30000,-1,0,2325,8167,4,-1,165,5,496,1984,-1,-1,122.74,-1,-1,-1"
"PATTY-BDC-DELTA-MAX-CLAUSES,numeric/ipc-2023/sailing,instance_1_10_1229.pddl,True,False,4019.9999999999995,9,2917,178,449,9,9,10,2,17,153,484,46,16.72,35,-1,-1"
"PATTY-BDC-DELTA-MAX-CLAUSES,numeric/ipc-2023/sailing,instance_1_4_1229.pddl,True,False,960.0,4,1105,57,106,4,4,4,2,11,44,213,12,7.88,8,-1,-1"
"PATTY-BDC-DELTA-MAX-CLAUSES,numeric/ipc-2023/sailing,instance_1_5_1229.pddl,True,False,1060.0,5,1301,75,151,5,5,5,2,12,60,213,15,9.58,10,-1,-1"
"PATTY-BDC-DELTA-MAX-CLAUSES,numeric/ipc-2023/sailing,instance_1_6_1229.pddl,True,False,1270.0,6,757,95,204,6,6,6,2,13,78,106,18,11.3,12,-1,-1"
"PATTY-BDC-DELTA-MAX-CLAUSES,numeric/ipc-2023/sailing,instance_1_7_1229.pddl,True,False,1870.0,6,1380,103,230,6,6,7,2,14,84,196,22,11.61,15,-1,-1"
"PATTY-BDC-DELTA-MAX-CLAUSES,numeric/ipc-2023/sailing,instance_2_10_1229.pddl,True,False,2009.9999999999998,5,2118,199,500,5,5,10,4,34,170,418,53,11.09,37,-1,-1"
"PATTY-BDC-DELTA-MAX-CLAUSES,numeric/ipc-2023/sailing,instance_2_1_1229.pddl,True,False,760.0,1,174,27,34,1,1,1,4,16,16,88,3,3.06,2,-1,-1"
"PATTY-BDC-DELTA-MAX-CLAUSES,numeric/ipc-2023/sailing,instance_2_2_1229.pddl,True,False,630.0,1,197,31,44,1,1,2,4,18,18,90,6,3.61,4,-1,-1"
"PATTY-BDC-DELTA-MAX-CLAUSES,numeric/ipc-2023/sailing,instance_2_4_1229.pddl,True,False,820.0,2,903,61,110,2,2,4,4,22,44,213,12,5.61,8,-1,-1"
"PATTY-BDC-DELTA-MAX-CLAUSES,numeric/ipc-2023/sailing,instance_2_7_1229.pddl,True,False,1330.0,3,1062,107,234,3,3,7,4,28,84,148,23,7.67,16,-1,-1"
"PATTY-BDC-DELTA-MAX-CLAUSES,numeric/ipc-2023/sailing,instance_2_8_1229.pddl,True,False,1240.0,4,3639,145,338,4,4,8,4,30,120,543,41,9.29,29,-1,-1"
"PATTY-BDC-DELTA-MAX-CLAUSES,numeric/ipc-2023/sailing,instance_2_9_1229.pddl,True,False,1150.0,4,3346,155,372,4,4,9,4,32,128,344,37,9.45,24,-1,-1"
"PATTY-BDC-DELTA-MAX-CLAUSES,numeric/ipc-2023/sailing,instance_3_4_1229.pddl,True,False,850.0,2,846,87,160,2,2,4,6,33,66,187,16,5.72,12,-1,-1"
"PATTY-BDC-DELTA-MAX-CLAUSES,numeric/ipc-2023/sailing,instance_3_5_1229.pddl,True,False,900.0,2,1530,95,186,2,2,5,6,36,72,205,17,5.98,12,-1,-1"
"PATTY-BDC-DELTA-MAX-CLAUSES,numeric/ipc-2023/sailing,instance_3_6_1229.pddl,True,False,940.0,2,1000,103,212,2,2,6,6,39,78,164,18,6.17,12,-1,-1"
"PATTY-BDC-DELTA-MAX-CLAUSES,numeric/ipc-2023/sailing,instance_4_10_1229.pddl,True,False,2000.0,3,3061,241,602,3,3,10,8,68,204,449,59,8.26,44,-1,-1"
"PATTY-BDC-DELTA-MAX-CLAUSES,numeric/ipc-2023/sailing,instance_4_2_1229.pddl,True,False,790.0,1,288,57,82,1,1,2,8,36,36,176,6,3.74,4,-1,-1"
"PATTY-BDC-DELTA-MAX-CLAUSES,numeric/ipc-2023/sailing,instance_4_5_1229.pddl,True,False,950.0,2,1381,123,244,2,2,5,8,48,96,291,21,6.04,16,-1,-1"
"PATTY-BDC-DELTA-MAX-CLAUSES,numeric/ipc-2023/sailing,instance_4_6_1229.pddl,True,False,1030.0,2,1569,133,278,2,2,6,8,52,104,292,22,6.24,16,-1,-1"
"PATTY-BDC-DELTA-MAX-CLAUSES,numeric/ipc-2023/sailing,instance_4_7_1229.pddl,True,False,1060.0,2,2383,143,312,2,2,7,8,56,112,340,27,6.4,20,-1,-1"
"PATTY-BDC-DELTA-MAX-CLAUSES,numeric/ipc-2023/settlers-compiled,pfile1.pddl,False,False,1740.0,-1,0,-1,-1,-1,-1,110,84,630,-1,-1,-1,-1,-1,-1,-1"
"PATTY-BDC-DELTA-MAX-CLAUSES,numeric/ipc-2023/settlers-compiled,pfile10.pddl,True,False,15710.0,1,3026,1867,3880,1,1,175,116,500,500,274,330,9.07,266,-1,-1"
"PATTY-BDC-DELTA-MAX-CLAUSES,numeric/ipc-2023/settlers-compiled,pfile11.pddl,True,False,6520.0,1,4449,1903,3972,1,1,179,116,528,528,388,306,10.04,267,-1,-1"
"PATTY-BDC-DELTA-MAX-CLAUSES,numeric/ipc-2023/settlers-compiled,pfile12.pddl,True,False,7770.0,1,2664,1924,4027,1,1,181,116,545,545,334,284,10.41,250,-1,-1"
"PATTY-BDC-DELTA-MAX-CLAUSES,numeric/ipc-2023/settlers-compiled,pfile13.pddl,True,False,11650.0,1,4207,2317,4845,1,1,212,131,622,622,269,366,10.2,337,-1,-1"
"PATTY-BDC-DELTA-MAX-CLAUSES,numeric/ipc-2023/settlers-compiled,pfile14.pddl,False,False,6370.0,-1,0,-1,-1,-1,-1,518,204,5202,-1,-1,-1,-1,-1,-1,-1"
"PATTY-BDC-DELTA-MAX-CLAUSES,numeric/ipc-2023/settlers-compiled,pfile15.pddl,False,False,4050.0,-1,0,-1,-1,-1,-1,351,132,2318,-1,-1,-1,-1,-1,-1,-1"
"PATTY-BDC-DELTA-MAX-CLAUSES,numeric/ipc-2023/settlers-compiled,pfile16.pddl,False,False,3260.0,-1,0,-1,-1,-1,-1,351,132,2318,-1,-1,-1,-1,-1,-1,-1"
"PATTY-BDC-DELTA-MAX-CLAUSES,numeric/ipc-2023/settlers-compiled,pfile17.pddl,True,False,26950.0,1,5256,2785,5840,1,1,249,146,734,734,474,497,10.68,383,-1,-1"
"PATTY-BDC-DELTA-MAX-CLAUSES,numeric/ipc-2023/settlers-compiled,pfile18.pddl,False,True,30000,-1,0,3656,7740,1,-1,320,169,997,997,-1,-1,12.19,-1,-1,-1"
"PATTY-BDC-DELTA-MAX-CLAUSES,numeric/ipc-2023/settlers-compiled,pfile19.pddl,False,True,30000,-1,0,4495,9545,1,-1,390,193,1228,1228,-1,-1,12.54,-1,-1,-1"
"PATTY-BDC-DELTA-MAX-CLAUSES,numeric/ipc-2023/settlers-compiled,pfile2.pddl,True,False,3720.0,1,989,947,1922,1,1,96,78,248,248,87,142,7.2,121,-1,-1"
"PATTY-BDC-DELTA-MAX-CLAUSES,numeric/ipc-2023/settlers-compiled,pfile20.pddl,False,True,30000,1,7885,4496,9548,1,1,390,193,1229,1229,485,672,12.3,606,-1,-1"
"PATTY-BDC-DELTA-MAX-CLAUSES,numeric/ipc-2023/settlers-compiled,pfile3.pddl,True,False,4030.0000000000005,1,1777,968,1977,1,1,98,78,265,265,350,128,7.89,114,-1,-1"
"PATTY-BDC-DELTA-MAX-CLAUSES,numeric/ipc-2023/settlers-compiled,pfile4.pddl,True,False,3040.0,1,1263,952,1937,1,1,96,78,253,253,108,153,7.22,136,-1,-1"
"PATTY-BDC-DELTA-MAX-CLAUSES,numeric/ipc-2023/settlers-compiled,pfile5.pddl,True,False,11210.0,1,2857,1144,2353,1,1,115,86,321,321,281,214,8.32,175,-1,-1"
"PATTY-BDC-DELTA-MAX-CLAUSES,numeric/ipc-2023/settlers-compiled,pfile6.pddl,True,False,7610.0,1,3668,1289,2651,1,1,126,93,346,346,373,181,8.61,160,-1,-1"
"PATTY-BDC-DELTA-MAX-CLAUSES,numeric/ipc-2023/settlers-compiled,pfile7.pddl,False,False,2000.0,-1,0,-1,-1,-1,-1,218,108,1365,-1,-1,-1,-1,-1,-1,-1"
"PATTY-BDC-DELTA-MAX-CLAUSES,numeric/ipc-2023/settlers-compiled,pfile8.pddl,True,False,19890.0,1,3867,1628,3355,1,1,154,108,417,417,389,269,8.63,238,-1,-1"
"PATTY-BDC-DELTA-MAX-CLAUSES,numeric/ipc-2023/settlers-compiled,pfile9.pddl,True,False,4380.0,1,2306,1487,3077,1,1,144,101,408,408,202,178,8.67,151,-1,-1"
"PATTY-BDC-DELTA-MAX-CLAUSES,numeric/ipc-2023/sugar,pfile01.pddl,True,False,3390.0,3,30,481,1386,3,3,28,38,174,348,1,30,15.58,0,-1,-1"
"PATTY-BDC-DELTA-MAX-CLAUSES,numeric/ipc-2023/sugar,pfile02.pddl,True,False,4470.0,3,61,567,1644,3,3,37,44,202,404,8,39,14.44,7,-1,-1"
"PATTY-BDC-DELTA-MAX-CLAUSES,numeric/ipc-2023/sugar,pfile03.pddl,False,True,30000,-1,0,764,2350,16,-1,37,43,201,603,-1,-1,20.87,-1,-1,-1"
"PATTY-BDC-DELTA-MAX-CLAUSES,numeric/ipc-2023/sugar,pfile04.pddl,True,False,6800.0,4,67,649,1922,4,4,39,44,241,482,5,56,17.69,4,-1,-1"
"PATTY-BDC-DELTA-MAX-CLAUSES,numeric/ipc-2023/sugar,pfile05.pddl,False,True,30000,-1,0,649,1922,22,-1,39,44,241,482,-1,-1,17.65,-1,-1,-1"
"PATTY-BDC-DELTA-MAX-CLAUSES,numeric/ipc-2023/sugar,pfile06.pddl,True,False,2470.0,2,47,649,1921,2,2,39,44,241,482,5,34,17.58,6,-1,-1"
"PATTY-BDC-DELTA-MAX-CLAUSES,numeric/ipc-2023/sugar,pfile07.pddl,True,False,2300.0,2,27,649,1922,2,2,39,44,241,482,3,21,17.43,4,-1,-1"
"PATTY-BDC-DELTA-MAX-CLAUSES,numeric/ipc-2023/sugar,pfile08.pddl,True,False,8750.0,3,53,890,2777,3,3,39,44,241,723,8,30,25.02,8,-1,-1"
"PATTY-BDC-DELTA-MAX-CLAUSES,numeric/ipc-2023/sugar,pfile09.pddl,True,False,3730.0,2,31,649,1921,2,2,39,44,241,482,4,20,17.59,6,-1,-1"
"PATTY-BDC-DELTA-MAX-CLAUSES,numeric/ipc-2023/sugar,pfile10.pddl,True,False,6690.0,3,59,649,1921,3,3,39,44,241,482,5,43,17.61,11,-1,-1"
"PATTY-BDC-DELTA-MAX-CLAUSES,numeric/ipc-2023/sugar,pfile11.pddl,True,False,3120.0,2,33,641,1896,2,2,39,44,237,474,5,22,16.43,4,-1,-1"
"PATTY-BDC-DELTA-MAX-CLAUSES,numeric/ipc-2023/sugar,pfile12.pddl,True,False,16660.0,4,68,890,2777,4,4,39,44,241,723,3,60,25.07,7,-1,-1"
"PATTY-BDC-DELTA-MAX-CLAUSES,numeric/ipc-2023/sugar,pfile13.pddl,True,False,8450.0,3,59,890,2777,3,3,39,44,241,723,4,46,25.02,7,-1,-1"
"PATTY-BDC-DELTA-MAX-CLAUSES,numeric/ipc-2023/sugar,pfile14.pddl,True,False,8960.0,3,57,890,2777,3,3,39,44,241,723,5,44,25.04,6,-1,-1"
"PATTY-BDC-DELTA-MAX-CLAUSES,numeric/ipc-2023/sugar,pfile15.pddl,True,False,6580.0,3,52,890,2777,3,3,39,44,241,723,9,29,25.42,5,-1,-1"
"PATTY-BDC-DELTA-MAX-CLAUSES,numeric/ipc-2023/sugar,pfile16.pddl,True,False,9450.0,3,53,890,2777,3,3,39,44,241,723,4,41,25.35,9,-1,-1"
"PATTY-BDC-DELTA-MAX-CLAUSES,numeric/ipc-2023/sugar,pfile17.pddl,True,False,14370.0,4,58,1131,3633,4,4,39,44,241,964,2,52,32.8,6,-1,-1"
"PATTY-BDC-DELTA-MAX-CLAUSES,numeric/ipc-2023/sugar,pfile18.pddl,True,False,14670.0,4,57,1131,3633,4,4,39,44,241,964,7,41,32.79,8,-1,-1"
"PATTY-BDC-DELTA-MAX-CLAUSES,numeric/ipc-2023/sugar,pfile19.pddl,False,True,30000,4,73,1131,3633,4,4,39,44,241,964,6,48,32.76,6,-1,-1"
"PATTY-BDC-DELTA-MAX-CLAUSES,numeric/ipc-2023/sugar,pfile20.pddl,True,False,23120.0,4,103,890,2777,4,4,39,44,241,723,6,71,25.42,16,-1,-1"
"PATTY-BDC-DELTA-MAX-CLAUSES,numeric/ipc-2023/tpp,p02.pddl,True,False,3380.0,3,9,168,514,3,3,6,10,50,105,1,9,7.78,0,-1,-1"
"PATTY-BDC-DELTA-MAX-CLAUSES,numeric/ipc-2023/tpp,p04.pddl,True,False,8360.0,3,12,205,598,3,3,6,16,58,116,1,12,7.42,0,-1,-1"
"PATTY-BDC-DELTA-MAX-CLAUSES,numeric/ipc-2023/tpp,p06.pddl,False,True,30000,-1,0,609,1864,2,-1,11,40,187,374,-1,-1,11.69,-1,-1,-1"
"PATTY-BDC-DELTA-MAX-CLAUSES,numeric/ipc-2023/tpp,p07.pddl,False,True,30000,-1,0,641,1944,2,-1,11,44,193,386,-1,-1,11.49,-1,-1,-1"
"PATTY-BDC-DELTA-MAX-CLAUSES,numeric/ipc-2023/tpp,p17.pddl,False,True,30000,-1,0,2811,8418,2,-1,21,203,811,1622,-1,-1,19.28,-1,-1,-1"
"PATTY-BDC-DELTA-MAX-CLAUSES,numeric/ipc-2023/tpp,p18.pddl,False,True,30000,-1,0,2903,8654,2,-1,21,213,829,1658,-1,-1,19.23,-1,-1,-1"
"PATTY-BDC-DELTA-MAX-CLAUSES,numeric/ipc-2023/tpp,p20.pddl,False,True,30000,-1,0,3107,9178,2,-1,21,235,869,1738,-1,-1,19.08,-1,-1,-1"
"PATTY-BDC-DELTA-MAX-CLAUSES,numeric/ipc-2023/tpp,p21.pddl,False,True,30000,-1,0,4379,13124,2,-1,26,315,1262,2524,-1,-1,23.28,-1,-1,-1"
"PATTY-BDC-DELTA-MAX-CLAUSES,numeric/ipc-2023/tpp,p22.pddl,False,True,30000,-1,0,4501,13438,2,-1,26,328,1286,2572,-1,-1,23.17,-1,-1,-1"
"PATTY-BDC-DELTA-MAX-CLAUSES,numeric/ipc-2023/tpp,p24.pddl,False,True,30000,-1,0,4705,13962,2,-1,26,350,1326,2652,-1,-1,22.99,-1,-1,-1"
"PATTY-BDC-DELTA-MAX-CLAUSES,numeric/ipc-2023/tpp,p25.pddl,False,True,30000,-1,0,4807,14224,2,-1,26,361,1346,2692,-1,-1,22.91,-1,-1,-1"
"PATTY-BDC-DELTA-MAX-CLAUSES,numeric/ipc-2023/tpp,p28.pddl,False,True,30000,-1,0,3764,10224,1,-1,31,476,1855,1855,-1,-1,14.45,-1,-1,-1"
"PATTY-BDC-DELTA-MAX-CLAUSES,numeric/ipc-2023/tpp,p29.pddl,False,True,30000,-1,0,3874,10478,1,-1,31,495,1891,1891,-1,-1,14.29,-1,-1,-1"
"PATTY-BDC-DELTA-MAX-CLAUSES,numeric/ipc-2023/tpp,p30.pddl,False,True,30000,-1,0,3942,10634,1,-1,31,507,1913,1913,-1,-1,14.27,-1,-1,-1"
"PATTY-BDC-DELTA-MAX-CLAUSES,numeric/ipc-2023/tpp,p33.pddl,False,True,30000,-1,0,5073,13810,1,-1,36,640,2508,2508,-1,-1,16.28,-1,-1,-1"
"PATTY-BDC-DELTA-MAX-CLAUSES,numeric/ipc-2023/tpp,p34.pddl,False,True,30000,-1,0,5171,14036,1,-1,36,657,2540,2540,-1,-1,16.18,-1,-1,-1"
"PATTY-BDC-DELTA-MAX-CLAUSES,numeric/ipc-2023/tpp,p36.pddl,False,True,30000,-1,0,-1,-1,-1,-1,41,769,3145,-1,-1,-1,-1,-1,-1,-1"
"PATTY-BDC-DELTA-MAX-CLAUSES,numeric/ipc-2023/tpp,p37.pddl,False,True,30000,-1,0,-1,-1,-1,-1,41,785,3175,-1,-1,-1,-1,-1,-1,-1"
"PATTY-BDC-DELTA-MAX-CLAUSES,numeric/ipc-2023/tpp,p38.pddl,False,True,30000,-1,0,6432,17596,1,-1,41,804,3211,3211,-1,-1,18.31,-1,-1,-1"
"PATTY-BDC-DELTA-MAX-CLAUSES,numeric/ipc-2023/tpp,p39.pddl,False,True,30000,-1,0,-1,-1,-1,-1,41,828,3257,-1,-1,-1,-1,-1,-1,-1"
"PATTY-BDC-DELTA-MAX-CLAUSES,numeric/ipc-2023/zenotravel,pfile1.pddl,True,False,1020.0,2,9,113,341,2,2,15,3,37,74,1,9,10.47,0,-1,-1"
"PATTY-BDC-DELTA-MAX-CLAUSES,numeric/ipc-2023/zenotravel,pfile10.pddl,True,False,13530.0,2,32,965,3337,2,2,79,7,393,786,1,32,23.93,0,-1,-1"
"PATTY-BDC-DELTA-MAX-CLAUSES,numeric/ipc-2023/zenotravel,pfile11.pddl,True,False,3010.0,1,19,651,2075,1,1,81,7,471,471,1,19,17.54,0,-1,-1"
"PATTY-BDC-DELTA-MAX-CLAUSES,numeric/ipc-2023/zenotravel,pfile12.pddl,True,False,14190.0,2,36,1215,4271,2,2,90,7,507,1014,1,36,30.15,0,-1,-1"
"PATTY-BDC-DELTA-MAX-CLAUSES,numeric/ipc-2023/zenotravel,pfile13.pddl,True,False,23930.0,2,34,1395,4883,2,2,108,7,579,1158,1,34,30.64,0,-1,-1"
"PATTY-BDC-DELTA-MAX-CLAUSES,numeric/ipc-2023/zenotravel,pfile15.pddl,False,True,30000,-1,0,3903,13655,1,-1,315,11,3245,3245,-1,-1,51.66,-1,-1,-1"
"PATTY-BDC-DELTA-MAX-CLAUSES,numeric/ipc-2023/zenotravel,pfile16.pddl,False,True,30000,-1,0,4803,17015,1,-1,355,11,4065,4065,-1,-1,74.12,-1,-1,-1"
"PATTY-BDC-DELTA-MAX-CLAUSES,numeric/ipc-2023/zenotravel,pfile17.pddl,False,True,30000,-1,0,-1,-1,-1,-1,500,11,5765,-1,-1,-1,-1,-1,-1,-1"
"PATTY-BDC-DELTA-MAX-CLAUSES,numeric/ipc-2023/zenotravel,pfile18.pddl,False,True,30000,-1,0,-1,-1,-1,-1,550,11,6845,-1,-1,-1,-1,-1,-1,-1"
"PATTY-BDC-DELTA-MAX-CLAUSES,numeric/ipc-2023/zenotravel,pfile19.pddl,False,True,30000,-1,0,-1,-1,-1,-1,725,11,9005,-1,-1,-1,-1,-1,-1,-1"
"PATTY-BDC-DELTA-MAX-CLAUSES,numeric/ipc-2023/zenotravel,pfile2.pddl,True,False,800.0,2,6,113,341,2,2,15,3,37,74,1,6,10.86,0,-1,-1"
"PATTY-BDC-DELTA-MAX-CLAUSES,numeric/ipc-2023/zenotravel,pfile20.pddl,False,True,30000,-1,0,-1,-1,-1,-1,785,11,10345,-1,-1,-1,-1,-1,-1,-1"
"PATTY-BDC-DELTA-MAX-CLAUSES,numeric/ipc-2023/zenotravel,pfile21.pddl,False,True,30000,-1,0,-1,-1,-1,-1,1025,11,13755,-1,-1,-1,-1,-1,-1,-1"
"PATTY-BDC-DELTA-MAX-CLAUSES,numeric/ipc-2023/zenotravel,pfile22.pddl,False,True,30000,-1,0,-1,-1,-1,-1,1375,11,19505,-1,-1,-1,-1,-1,-1,-1"
"PATTY-BDC-DELTA-MAX-CLAUSES,numeric/ipc-2023/zenotravel,pfile23.pddl,False,True,30000,-1,0,-1,-1,-1,-1,1775,11,26255,-1,-1,-1,-1,-1,-1,-1"
"PATTY-BDC-DELTA-MAX-CLAUSES,numeric/ipc-2023/zenotravel,pfile3.pddl,True,False,1280.0,1,11,151,417,1,1,26,5,86,86,1,11,6.91,0,-1,-1"
"PATTY-BDC-DELTA-MAX-CLAUSES,numeric/ipc-2023/zenotravel,pfile4.pddl,True,False,1440.0,2,13,273,871,2,2,31,5,98,196,1,13,11.74,0,-1,-1"
"PATTY-BDC-DELTA-MAX-CLAUSES,numeric/ipc-2023/zenotravel,pfile5.pddl,True,False,1380.0,1,14,207,605,1,1,32,5,130,130,1,14,9.63,0,-1,-1"
"PATTY-BDC-DELTA-MAX-CLAUSES,numeric/ipc-2023/zenotravel,pfile6.pddl,True,False,1470.0,2,17,383,1269,2,2,38,5,146,292,1,17,16.6,0,-1,-1"
"PATTY-BDC-DELTA-MAX-CLAUSES,numeric/ipc-2023/zenotravel,pfile8.pddl,True,False,1670.0,1,17,477,1487,1,1,63,7,333,333,1,17,13.97,0,-1,-1"
"PATTY-BDC-DELTA-MAX-CLAUSES,numeric/line-exchange,3_10_50_10.pddl,True,False,1740.0,5,86,127,358,5,5,5,8,16,80,10,32,5.93,20,-1,-1"
"PATTY-BDC-DELTA-MAX-CLAUSES,numeric/line-exchange,3_10_90_50.pddl,True,False,1040.0,3,129,87,230,3,3,5,8,16,48,27,21,4.29,12,-1,-1"
"PATTY-BDC-DELTA-MAX-CLAUSES,numeric/line-exchange,3_15_25_100.pddl,True,False,1990.0,6,772,163,466,6,6,5,8,16,106,100,56,6.39,31,-1,-1"
"PATTY-BDC-DELTA-MAX-CLAUSES,numeric/line-exchange,3_15_90_10.pddl,True,False,1220.0,5,108,127,358,5,5,5,8,16,80,20,25,5.93,16,-1,-1"
"PATTY-BDC-DELTA-MAX-CLAUSES,numeric/line-exchange,3_5_50_50.pddl,True,False,1400.0,5,236,127,358,5,5,5,8,16,80,50,30,5.93,16,-1,-1"
"PATTY-BDC-DELTA-MAX-CLAUSES,numeric/line-exchange,3_5_90_100.pddl,True,False,1250.0,5,549,127,358,5,5,5,8,16,80,100,35,5.93,20,-1,-1"
"PATTY-BDC-DELTA-MAX-CLAUSES,numeric/line-exchange,4_10_25_10.pddl,False,True,30000,-1,0,124,331,72,-1,7,11,23,69,-1,-1,4.36,-1,-1,-1"
"PATTY-BDC-DELTA-MAX-CLAUSES,numeric/line-exchange,4_10_50_50.pddl,False,True,30000,-1,0,124,331,85,-1,7,11,23,69,-1,-1,4.36,-1,-1,-1"
"PATTY-BDC-DELTA-MAX-CLAUSES,numeric/line-exchange,4_10_90_100.pddl,True,False,1480.0,3,540,124,331,3,3,7,11,23,69,100,27,4.36,14,-1,-1"
"PATTY-BDC-DELTA-MAX-CLAUSES,numeric/line-exchange,4_15_50_10.pddl,True,False,2660.0,5,132,182,517,5,5,7,11,23,115,10,49,6.05,25,-1,-1"
"PATTY-BDC-DELTA-MAX-CLAUSES,numeric/line-exchange,4_15_90_50.pddl,False,True,30000,-1,0,124,331,60,-1,7,11,23,69,-1,-1,4.36,-1,-1,-1"
"PATTY-BDC-DELTA-MAX-CLAUSES,numeric/line-exchange,4_5_25_50.pddl,True,False,1310.0,3,232,124,331,3,3,7,11,23,69,27,28,4.36,12,-1,-1"
"PATTY-BDC-DELTA-MAX-CLAUSES,numeric/line-exchange,4_5_50_100.pddl,False,True,30000,-1,0,124,331,63,-1,7,11,23,69,-1,-1,4.36,-1,-1,-1"
"PATTY-BDC-DELTA-MAX-CLAUSES,numeric/line-exchange,5_10_25_50.pddl,True,False,3590.0,5,470,237,676,5,5,9,14,30,150,50,56,6.12,30,-1,-1"
"PATTY-BDC-DELTA-MAX-CLAUSES,numeric/line-exchange,5_10_50_100.pddl,False,True,30000,-1,0,161,432,50,-1,9,14,30,90,-1,-1,4.4,-1,-1,-1"
"PATTY-BDC-DELTA-MAX-CLAUSES,numeric/line-exchange,5_15_25_10.pddl,False,True,30000,-1,0,199,554,28,-1,9,14,30,120,-1,-1,5.26,-1,-1,-1"
"PATTY-BDC-DELTA-MAX-CLAUSES,numeric/line-exchange,5_15_50_50.pddl,True,False,3630.0,5,508,237,676,5,5,9,14,30,150,50,50,6.12,25,-1,-1"
"PATTY-BDC-DELTA-MAX-CLAUSES,numeric/line-exchange,5_15_90_100.pddl,False,True,30000,-1,0,161,432,47,-1,9,14,30,90,-1,-1,4.4,-1,-1,-1"
"PATTY-BDC-DELTA-MAX-CLAUSES,numeric/line-exchange,5_5_25_100.pddl,True,False,2250.0,4,1002,161,432,4,4,9,14,30,90,100,72,4.4,40,-1,-1"
"PATTY-BDC-DELTA-MAX-CLAUSES,numeric/line-exchange,5_5_90_10.pddl,False,True,30000,-1,0,199,554,30,-1,9,14,30,120,-1,-1,5.26,-1,-1,-1"
"PATTY-BDC-DELTA-PLUS-CLAUSES,numeric/ipc-2023/block-grouping,instance_100_20_5_1.pddl,False,True,30000,-1,0,161,402,1,-1,0,40,80,80,-1,-1,2.49,-1,-1,-1"
"PATTY-BDC-DELTA-PLUS-CLAUSES,numeric/ipc-2023/block-grouping,instance_100_25_6_2.pddl,False,True,30000,-1,0,201,502,1,-1,0,50,100,100,-1,-1,2.49,-1,-1,-1"
"PATTY-BDC-DELTA-PLUS-CLAUSES,numeric/ipc-2023/block-grouping,instance_11_10_2_3.pddl,True,False,19420.0,1,145,81,202,1,1,0,20,40,40,10,33,2.48,25,-1,-1"
"PATTY-BDC-DELTA-PLUS-CLAUSES,numeric/ipc-2023/block-grouping,instance_11_30_7_2.pddl,False,True,30000,-1,0,241,602,1,-1,0,60,120,120,-1,-1,2.49,-1,-1,-1"
"PATTY-BDC-DELTA-PLUS-CLAUSES,numeric/ipc-2023/block-grouping,instance_11_35_8_3.pddl,False,True,30000,-1,0,281,702,1,-1,0,70,140,140,-1,-1,2.49,-1,-1,-1"
"PATTY-BDC-DELTA-PLUS-CLAUSES,numeric/ipc-2023/block-grouping,instance_11_40_10_1.pddl,False,True,30000,-1,0,321,802,1,-1,0,80,160,160,-1,-1,2.5,-1,-1,-1"
"PATTY-BDC-DELTA-PLUS-CLAUSES,numeric/ipc-2023/block-grouping,instance_15_10_2_3.pddl,True,False,8850.0,1,198,81,202,1,1,0,20,40,40,14,34,2.48,25,-1,-1"
"PATTY-BDC-DELTA-PLUS-CLAUSES,numeric/ipc-2023/block-grouping,instance_15_25_6_3.pddl,False,True,30000,-1,0,201,502,1,-1,0,50,100,100,-1,-1,2.49,-1,-1,-1"
"PATTY-BDC-DELTA-PLUS-CLAUSES,numeric/ipc-2023/block-grouping,instance_20_10_2_1.pddl,True,False,17680.0,1,214,81,202,1,1,0,20,40,40,17,35,2.48,29,-1,-1"
"PATTY-BDC-DELTA-PLUS-CLAUSES,numeric/ipc-2023/block-grouping,instance_20_10_2_3.pddl,False,True,30000,-1,0,81,202,1,-1,0,20,40,40,-1,-1,2.48,-1,-1,-1"
"PATTY-BDC-DELTA-PLUS-CLAUSES,numeric/ipc-2023/block-grouping,instance_20_15_3_2.pddl,False,True,30000,-1,0,121,302,1,-1,0,30,60,60,-1,-1,2.49,-1,-1,-1"
"PATTY-BDC-DELTA-PLUS-CLAUSES,numeric/ipc-2023/block-grouping,instance_20_30_7_2.pddl,False,True,30000,-1,0,241,602,1,-1,0,60,120,120,-1,-1,2.49,-1,-1,-1"
"PATTY-BDC-DELTA-PLUS-CLAUSES,numeric/ipc-2023/block-grouping,instance_20_40_10_2.pddl,False,True,30000,-1,0,321,802,1,-1,0,80,160,160,-1,-1,2.5,-1,-1,-1"
"PATTY-BDC-DELTA-PLUS-CLAUSES,numeric/ipc-2023/block-grouping,instance_20_5_2_1.pddl,True,False,970.0,1,74,41,102,1,1,0,10,20,20,17,18,2.46,18,-1,-1"
"PATTY-BDC-DELTA-PLUS-CLAUSES,numeric/ipc-2023/block-grouping,instance_20_5_2_2.pddl,True,False,1540.0,1,69,41,102,1,1,0,10,20,20,11,15,2.46,11,-1,-1"
"PATTY-BDC-DELTA-PLUS-CLAUSES,numeric/ipc-2023/block-grouping,instance_25_15_3_1.pddl,False,True,30000,-1,0,121,302,1,-1,0,30,60,60,-1,-1,2.49,-1,-1,-1"
"PATTY-BDC-DELTA-PLUS-CLAUSES,numeric/ipc-2023/block-grouping,instance_25_35_8_1.pddl,False,True,30000,-1,0,281,702,1,-1,0,70,140,140,-1,-1,2.49,-1,-1,-1"
"PATTY-BDC-DELTA-PLUS-CLAUSES,numeric/ipc-2023/block-grouping,instance_25_40_10_3.pddl,False,True,30000,-1,0,321,802,1,-1,0,80,160,160,-1,-1,2.5,-1,-1,-1"
"PATTY-BDC-DELTA-PLUS-CLAUSES,numeric/ipc-2023/block-grouping,instance_5_25_6_1.pddl,False,True,30000,-1,0,201,502,1,-1,0,50,100,100,-1,-1,2.49,-1,-1,-1"
"PATTY-BDC-DELTA-PLUS-CLAUSES,numeric/ipc-2023/block-grouping,instance_7_10_2_1.pddl,False,True,30000,-1,0,81,202,1,-1,0,20,40,40,-1,-1,2.48,-1,-1,-1"
"PATTY-BDC-DELTA-PLUS-CLAUSES,numeric/ipc-2023/counters,fz_instance_12.pddl,True,False,1680.0,1,252,49,122,1,1,0,12,24,24,24,24,2.47,14,-1,-1"
"PATTY-BDC-DELTA-PLUS-CLAUSES,numeric/ipc-2023/counters,fz_instance_4.pddl,True,False,780.0,1,36,17,42,1,1,0,4,8,8,8,7,2.4,6,-1,-1"
"PATTY-BDC-DELTA-PLUS-CLAUSES,numeric/ipc-2023/counters,fz_instance_40.pddl,False,True,30000,-1,0,161,402,1,-1,0,40,80,80,-1,-1,2.49,-1,-1,-1"
"PATTY-BDC-DELTA-PLUS-CLAUSES,numeric/ipc-2023/counters,inv_instance_12.pddl,True,False,890.0,1,160,49,122,1,1,0,12,24,24,24,23,2.47,19,-1,-1"
"PATTY-BDC-DELTA-PLUS-CLAUSES,numeric/ipc-2023/counters,inv_instance_16.pddl,True,False,2740.0,1,250,65,162,1,1,0,16,32,32,30,31,2.48,21,-1,-1"
"PATTY-BDC-DELTA-PLUS-CLAUSES,numeric/ipc-2023/counters,inv_instance_36.pddl,False,True,30000,-1,0,145,362,1,-1,0,36,72,72,-1,-1,2.49,-1,-1,-1"
"PATTY-BDC-DELTA-PLUS-CLAUSES,numeric/ipc-2023/counters,inv_instance_4.pddl,True,False,680.0,1,20,17,42,1,1,0,4,8,8,6,7,2.4,5,-1,-1"
"PATTY-BDC-DELTA-PLUS-CLAUSES,numeric/ipc-2023/counters,rnd_instance_12_3.pddl,True,False,1040.0,1,122,49,122,1,1,0,12,24,24,15,21,2.47,14,-1,-1"
"PATTY-BDC-DELTA-PLUS-CLAUSES,numeric/ipc-2023/counters,rnd_instance_20_1.pddl,True,False,2590.0,1,343,81,202,1,1,0,20,40,40,38,39,2.48,24,-1,-1"
"PATTY-BDC-DELTA-PLUS-CLAUSES,numeric/ipc-2023/counters,rnd_instance_24_1.pddl,True,False,3000.0,1,347,97,242,1,1,0,24,48,48,37,48,2.48,31,-1,-1"
"PATTY-BDC-DELTA-PLUS-CLAUSES,numeric/ipc-2023/counters,rnd_instance_28_1.pddl,True,False,5260.0,1,433,113,282,1,1,0,28,56,56,45,56,2.49,41,-1,-1"
"PATTY-BDC-DELTA-PLUS-CLAUSES,numeric/ipc-2023/counters,rnd_instance_32_1.pddl,True,False,5570.0,1,737,129,322,1,1,0,32,64,64,53,64,2.49,42,-1,-1"
"PATTY-BDC-DELTA-PLUS-CLAUSES,numeric/ipc-2023/counters,rnd_instance_32_2.pddl,True,False,4510.0,1,801,129,322,1,1,0,32,64,64,60,62,2.49,56,-1,-1"
"PATTY-BDC-DELTA-PLUS-CLAUSES,numeric/ipc-2023/counters,rnd_instance_36_2.pddl,True,False,6110.0,1,853,145,362,1,1,0,36,72,72,68,70,2.49,41,-1,-1"
"PATTY-BDC-DELTA-PLUS-CLAUSES,numeric/ipc-2023/counters,rnd_instance_40_1.pddl,True,False,7250.0,1,991,161,402,1,1,0,40,80,80,64,80,2.49,66,-1,-1"
"PATTY-BDC-DELTA-PLUS-CLAUSES,numeric/ipc-2023/counters,rnd_instance_40_2.pddl,True,False,22230.0,1,1314,161,402,1,1,0,40,80,80,75,78,2.49,72,-1,-1"
"PATTY-BDC-DELTA-PLUS-CLAUSES,numeric/ipc-2023/counters,rnd_instance_40_3.pddl,True,False,12230.0,1,937,161,402,1,1,0,40,80,80,52,80,2.49,60,-1,-1"
"PATTY-BDC-DELTA-PLUS-CLAUSES,numeric/ipc-2023/counters,rnd_instance_4_1.pddl,True,False,790.0,1,20,17,42,1,1,0,4,8,8,7,7,2.4,5,-1,-1"
"PATTY-BDC-DELTA-PLUS-CLAUSES,numeric/ipc-2023/counters,rnd_instance_8_2.pddl,True,False,920.0,1,68,33,82,1,1,0,8,16,16,14,15,2.45,12,-1,-1"
"PATTY-BDC-DELTA-PLUS-CLAUSES,numeric/ipc-2023/counters,rnd_instance_8_3.pddl,True,False,930.0,1,47,33,82,1,1,0,8,16,16,13,11,2.45,9,-1,-1"
"PATTY-BDC-DELTA-PLUS-CLAUSES,numeric/ipc-2023/delivery,prob01.pddl,True,False,1580.0,2,18,371,1191,2,2,46,3,136,272,1,18,18.45,0,-1,-1"
"PATTY-BDC-DELTA-PLUS-CLAUSES,numeric/ipc-2023/delivery,prob02.pddl,True,False,4360.0,3,32,535,1739,3,3,64,3,200,400,1,32,25.01,0,-1,-1"
"PATTY-BDC-DELTA-PLUS-CLAUSES,numeric/ipc-2023/delivery,prob03.pddl,True,False,8680.0,4,38,699,2287,4,4,82,3,264,528,1,38,31.53,0,-1,-1"
"PATTY-BDC-DELTA-PLUS-CLAUSES,numeric/ipc-2023/delivery,prob04.pddl,True,False,28530.0,5,53,1255,4211,5,5,132,3,492,984,1,53,55.14,0,-1,-1"
"PATTY-BDC-DELTA-PLUS-CLAUSES,numeric/ipc-2023/delivery,prob05.pddl,True,False,28830.0,5,46,1451,5079,5,5,118,3,392,1208,1,46,66.23,0,-1,-1"
"PATTY-BDC-DELTA-PLUS-CLAUSES,numeric/ipc-2023/delivery,prob06.pddl,False,True,30000,-1,0,1463,4923,4,-1,152,3,576,1152,-1,-1,67.36,-1,-1,-1"
"PATTY-BDC-DELTA-PLUS-CLAUSES,numeric/ipc-2023/delivery,prob07.pddl,False,True,30000,-1,0,1663,5603,4,-1,172,3,656,1312,-1,-1,76.17,-1,-1,-1"
"PATTY-BDC-DELTA-PLUS-CLAUSES,numeric/ipc-2023/delivery,prob08.pddl,False,True,30000,-1,0,1863,6283,3,-1,192,3,736,1472,-1,-1,84.98,-1,-1,-1"
"PATTY-BDC-DELTA-PLUS-CLAUSES,numeric/ipc-2023/delivery,prob09.pddl,False,True,30000,-1,0,2435,8319,2,-1,234,3,980,1960,-1,-1,113.47,-1,-1,-1"
"PATTY-BDC-DELTA-PLUS-CLAUSES,numeric/ipc-2023/delivery,prob10.pddl,False,True,30000,-1,0,3895,13584,2,-1,329,4,1614,3228,-1,-1,126.15,-1,-1,-1"
"PATTY-BDC-DELTA-PLUS-CLAUSES,numeric/ipc-2023/delivery,prob11.pddl,False,True,30000,-1,0,1707,5172,1,-1,274,2,1154,1154,-1,-1,73.45,-1,-1,-1"
"PATTY-BDC-DELTA-PLUS-CLAUSES,numeric/ipc-2023/delivery,prob12.pddl,False,True,30000,-1,0,2666,8332,1,-1,385,4,1887,1887,-1,-1,76.46,-1,-1,-1"
"PATTY-BDC-DELTA-PLUS-CLAUSES,numeric/ipc-2023/delivery,prob13.pddl,False,True,30000,-1,0,2866,8964,1,-1,413,4,2031,2031,-1,-1,81.87,-1,-1,-1"
"PATTY-BDC-DELTA-PLUS-CLAUSES,numeric/ipc-2023/delivery,prob14.pddl,False,True,30000,-1,0,3498,11126,1,-1,474,4,2541,2541,-1,-1,114.26,-1,-1,-1"
"PATTY-BDC-DELTA-PLUS-CLAUSES,numeric/ipc-2023/delivery,prob15.pddl,False,True,30000,-1,0,3726,11858,1,-1,504,4,2709,2709,-1,-1,119.58,-1,-1,-1"
"PATTY-BDC-DELTA-PLUS-CLAUSES,numeric/ipc-2023/delivery,prob16.pddl,False,True,30000,-1,0,-1,-1,-1,-1,639,4,4305,-1,-1,-1,-1,-1,-1,-1"
"PATTY-BDC-DELTA-PLUS-CLAUSES,numeric/ipc-2023/delivery,prob17.pddl,False,True,30000,-1,0,-1,-1,-1,-1,675,4,4557,-1,-1,-1,-1,-1,-1,-1"
"PATTY-BDC-DELTA-PLUS-CLAUSES,numeric/ipc-2023/delivery,prob18.pddl,False,True,30000,-1,0,-1,-1,-1,-1,711,4,4809,-1,-1,-1,-1,-1,-1,-1"
"PATTY-BDC-DELTA-PLUS-CLAUSES,numeric/ipc-2023/delivery,prob19.pddl,False,True,30000,-1,0,-1,-1,-1,-1,747,4,5061,-1,-1,-1,-1,-1,-1,-1"
"PATTY-BDC-DELTA-PLUS-CLAUSES,numeric/ipc-2023/delivery,prob20.pddl,False,True,30000,-1,0,-1,-1,-1,-1,783,4,5313,-1,-1,-1,-1,-1,-1,-1"
"PATTY-BDC-DELTA-PLUS-CLAUSES,numeric/ipc-2023/drone,problem_10_10_3.pddl,False,True,30000,-1,0,917,1542,1,-1,300,4,307,307,-1,-1,64.48,-1,-1,-1"
"PATTY-BDC-DELTA-PLUS-CLAUSES,numeric/ipc-2023/drone,problem_1_1_2.pddl,True,False,880.0,3,9,34,85,3,3,2,4,9,19,2,7,5.25,2,-1,-1"
"PATTY-BDC-DELTA-PLUS-CLAUSES,numeric/ipc-2023/drone,problem_1_1_4.pddl,True,False,1020.0,5,27,60,155,5,5,4,4,11,40,3,17,9.21,7,-1,-1"
"PATTY-BDC-DELTA-PLUS-CLAUSES,numeric/ipc-2023/drone,problem_1_8_1.pddl,True,False,1600.0,7,65,102,265,7,7,8,4,15,73,21,22,13.78,9,-1,-1"
"PATTY-BDC-DELTA-PLUS-CLAUSES,numeric/ipc-2023/drone,problem_1_9_3.pddl,False,True,30000,-1,0,217,534,7,-1,27,4,34,150,-1,-1,21.44,-1,-1,-1"
"PATTY-BDC-DELTA-PLUS-CLAUSES,numeric/ipc-2023/drone,problem_2_5_4.pddl,False,True,30000,-1,0,297,722,7,-1,40,4,47,204,-1,-1,26.74,-1,-1,-1"
"PATTY-BDC-DELTA-PLUS-CLAUSES,numeric/ipc-2023/drone,problem_2_8_3.pddl,False,True,30000,-1,0,288,663,5,-1,48,4,55,180,-1,-1,26.92,-1,-1,-1"
"PATTY-BDC-DELTA-PLUS-CLAUSES,numeric/ipc-2023/drone,problem_2_9_1.pddl,False,True,30000,-1,0,161,402,7,-1,18,4,25,112,-1,-1,17.49,-1,-1,-1"
"PATTY-BDC-DELTA-PLUS-CLAUSES,numeric/ipc-2023/drone,problem_3_3_4.pddl,False,True,30000,-1,0,290,717,8,-1,36,4,43,202,-1,-1,27.66,-1,-1,-1"
"PATTY-BDC-DELTA-PLUS-CLAUSES,numeric/ipc-2023/drone,problem_4_2_5.pddl,False,True,30000,-1,0,297,722,7,-1,40,4,47,204,-1,-1,26.74,-1,-1,-1"
"PATTY-BDC-DELTA-PLUS-CLAUSES,numeric/ipc-2023/drone,problem_4_9_5.pddl,False,True,30000,-1,0,746,1509,3,-1,180,4,187,375,-1,-1,51.37,-1,-1,-1"
"PATTY-BDC-DELTA-PLUS-CLAUSES,numeric/ipc-2023/drone,problem_5_10_1.pddl,False,True,30000,-1,0,296,679,5,-1,50,4,57,184,-1,-1,26.69,-1,-1,-1"
"PATTY-BDC-DELTA-PLUS-CLAUSES,numeric/ipc-2023/drone,problem_5_2_2.pddl,False,True,30000,-1,0,178,445,7,-1,20,4,27,125,-1,-1,20.31,-1,-1,-1"
"PATTY-BDC-DELTA-PLUS-CLAUSES,numeric/ipc-2023/drone,problem_6_8_1.pddl,False,True,30000,-1,0,344,831,7,-1,48,4,55,235,-1,-1,28.82,-1,-1,-1"
"PATTY-BDC-DELTA-PLUS-CLAUSES,numeric/ipc-2023/drone,problem_7_6_4.pddl,False,True,30000,-1,0,698,1413,3,-1,168,4,175,351,-1,-1,48.37,-1,-1,-1"
"PATTY-BDC-DELTA-PLUS-CLAUSES,numeric/ipc-2023/drone,problem_8_1_2.pddl,False,True,30000,-1,0,181,470,9,-1,16,4,23,135,-1,-1,20.79,-1,-1,-1"
"PATTY-BDC-DELTA-PLUS-CLAUSES,numeric/ipc-2023/drone,problem_8_1_4.pddl,False,True,30000,-1,0,248,607,7,-1,32,4,39,171,-1,-1,23.72,-1,-1,-1"
"PATTY-BDC-DELTA-PLUS-CLAUSES,numeric/ipc-2023/drone,problem_8_1_5.pddl,False,True,30000,-1,0,245,566,5,-1,40,4,47,153,-1,-1,23.35,-1,-1,-1"
"PATTY-BDC-DELTA-PLUS-CLAUSES,numeric/ipc-2023/drone,problem_8_7_1.pddl,False,True,30000,-1,0,328,751,5,-1,56,4,63,204,-1,-1,29.25,-1,-1,-1"
"PATTY-BDC-DELTA-PLUS-CLAUSES,numeric/ipc-2023/drone,problem_9_7_3.pddl,False,True,30000,-1,0,782,1581,3,-1,189,4,196,393,-1,-1,53.63,-1,-1,-1"
"PATTY-BDC-DELTA-PLUS-CLAUSES,numeric/ipc-2023/expedition,pfile1.pddl,True,False,8160.0,6,48,605,1916,6,6,24,14,88,528,4,26,76.35,11,-1,-1"
"PATTY-BDC-DELTA-PLUS-CLAUSES,numeric/ipc-2023/expedition,pfile10.pddl,False,True,30000,-1,0,1469,4716,6,-1,56,30,216,1296,-1,-1,181.61,-1,-1,-1"
"PATTY-BDC-DELTA-PLUS-CLAUSES,numeric/ipc-2023/expedition,pfile11.pddl,True,False,5190.0,5,42,231,707,5,5,12,8,44,190,4,23,28.89,8,-1,-1"
"PATTY-BDC-DELTA-PLUS-CLAUSES,numeric/ipc-2023/expedition,pfile12.pddl,False,True,30000,-1,0,907,2941,7,-1,30,17,116,812,-1,-1,115.85,-1,-1,-1"
"PATTY-BDC-DELTA-PLUS-CLAUSES,numeric/ipc-2023/expedition,pfile13.pddl,False,True,30000,-1,0,320,1004,6,-1,14,9,52,273,-1,-1,40.58,-1,-1,-1"
"PATTY-BDC-DELTA-PLUS-CLAUSES,numeric/ipc-2023/expedition,pfile14.pddl,False,True,30000,-1,0,413,1312,6,-1,16,10,60,360,-1,-1,53.03,-1,-1,-1"
"PATTY-BDC-DELTA-PLUS-CLAUSES,numeric/ipc-2023/expedition,pfile15.pddl,False,True,30000,-1,0,467,1487,6,-1,18,11,68,408,-1,-1,59.6,-1,-1,-1"
"PATTY-BDC-DELTA-PLUS-CLAUSES,numeric/ipc-2023/expedition,pfile16.pddl,False,True,30000,-1,0,521,1662,6,-1,20,12,76,456,-1,-1,66.18,-1,-1,-1"
"PATTY-BDC-DELTA-PLUS-CLAUSES,numeric/ipc-2023/expedition,pfile17.pddl,False,True,30000,-1,0,575,1837,6,-1,22,13,84,504,-1,-1,72.75,-1,-1,-1"
"PATTY-BDC-DELTA-PLUS-CLAUSES,numeric/ipc-2023/expedition,pfile18.pddl,False,True,30000,-1,0,629,2012,6,-1,24,14,92,552,-1,-1,79.33,-1,-1,-1"
"PATTY-BDC-DELTA-PLUS-CLAUSES,numeric/ipc-2023/expedition,pfile19.pddl,False,True,30000,-1,0,683,2187,6,-1,26,15,100,600,-1,-1,85.91,-1,-1,-1"
"PATTY-BDC-DELTA-PLUS-CLAUSES,numeric/ipc-2023/expedition,pfile2.pddl,False,True,30000,-1,0,1809,5874,7,-1,60,32,232,1624,-1,-1,228.18,-1,-1,-1"
"PATTY-BDC-DELTA-PLUS-CLAUSES,numeric/ipc-2023/expedition,pfile20.pddl,False,True,30000,-1,0,737,2362,6,-1,28,16,108,648,-1,-1,92.49,-1,-1,-1"
"PATTY-BDC-DELTA-PLUS-CLAUSES,numeric/ipc-2023/expedition,pfile3.pddl,False,True,30000,-1,0,1025,3346,9,-1,28,16,104,936,-1,-1,134.99,-1,-1,-1"
"PATTY-BDC-DELTA-PLUS-CLAUSES,numeric/ipc-2023/expedition,pfile4.pddl,False,True,30000,-1,0,1181,3864,9,-1,32,18,120,1080,-1,-1,154.98,-1,-1,-1"
"PATTY-BDC-DELTA-PLUS-CLAUSES,numeric/ipc-2023/expedition,pfile5.pddl,False,True,30000,-1,0,1337,4382,9,-1,36,20,136,1224,-1,-1,174.98,-1,-1,-1"
"PATTY-BDC-DELTA-PLUS-CLAUSES,numeric/ipc-2023/expedition,pfile6.pddl,False,True,30000,-1,0,1189,3844,7,-1,40,22,152,1064,-1,-1,150.97,-1,-1,-1"
"PATTY-BDC-DELTA-PLUS-CLAUSES,numeric/ipc-2023/expedition,pfile7.pddl,False,True,30000,-1,0,1313,4250,7,-1,44,24,168,1176,-1,-1,166.41,-1,-1,-1"
"PATTY-BDC-DELTA-PLUS-CLAUSES,numeric/ipc-2023/expedition,pfile8.pddl,False,True,30000,-1,0,1437,4656,7,-1,48,26,184,1288,-1,-1,181.85,-1,-1,-1"
"PATTY-BDC-DELTA-PLUS-CLAUSES,numeric/ipc-2023/expedition,pfile9.pddl,False,True,30000,-1,0,1561,5062,7,-1,52,28,200,1400,-1,-1,197.29,-1,-1,-1"
"PATTY-BDC-DELTA-PLUS-CLAUSES,numeric/ipc-2023/ext-plant-watering,instance_10_11_2_1.pddl,True,False,10540.0,12,532,161,429,12,12,0,20,40,120,9,177,16.93,153,-1,-1"
"PATTY-BDC-DELTA-PLUS-CLAUSES,numeric/ipc-2023/ext-plant-watering,instance_10_17_2_1.pddl,True,False,24050.0,16,1002,157,399,16,16,0,26,52,104,9,364,15.23,279,-1,-1"
"PATTY-BDC-DELTA-PLUS-CLAUSES,numeric/ipc-2023/ext-plant-watering,instance_10_5_2_1.pddl,True,False,2090.0,5,262,85,219,5,5,0,14,28,56,8,102,8.79,75,-1,-1"
"PATTY-BDC-DELTA-PLUS-CLAUSES,numeric/ipc-2023/ext-plant-watering,instance_10_7_2_1.pddl,True,False,3210.0,10,540,97,249,10,10,0,16,32,64,9,172,9.85,159,-1,-1"
"PATTY-BDC-DELTA-PLUS-CLAUSES,numeric/ipc-2023/ext-plant-watering,instance_11_17_2_1.pddl,True,False,25340.0,15,914,209,555,15,15,0,26,52,156,10,303,21.93,252,-1,-1"
"PATTY-BDC-DELTA-PLUS-CLAUSES,numeric/ipc-2023/ext-plant-watering,instance_11_5_2_1.pddl,True,False,1860.0,5,281,85,219,5,5,0,14,28,56,10,77,8.79,66,-1,-1"
"PATTY-BDC-DELTA-PLUS-CLAUSES,numeric/ipc-2023/ext-plant-watering,instance_12_15_2_1.pddl,True,False,13420.0,12,984,145,369,12,12,0,24,48,96,11,303,14.16,268,-1,-1"
"PATTY-BDC-DELTA-PLUS-CLAUSES,numeric/ipc-2023/ext-plant-watering,instance_12_17_2_1.pddl,True,False,18570.0,14,1065,157,399,14,14,0,26,52,104,11,372,15.23,308,-1,-1"
"PATTY-BDC-DELTA-PLUS-CLAUSES,numeric/ipc-2023/ext-plant-watering,instance_12_19_2_1.pddl,False,True,30000,-1,0,169,429,18,-1,0,28,56,112,-1,-1,16.28,-1,-1,-1"
"PATTY-BDC-DELTA-PLUS-CLAUSES,numeric/ipc-2023/ext-plant-watering,instance_12_7_2_1.pddl,True,False,1920.0,6,498,97,249,6,6,0,16,32,64,11,134,9.82,122,-1,-1"
"PATTY-BDC-DELTA-PLUS-CLAUSES,numeric/ipc-2023/ext-plant-watering,instance_13_13_2_1.pddl,True,False,6950.0,11,1051,133,339,11,11,0,22,44,88,12,302,13.09,278,-1,-1"
"PATTY-BDC-DELTA-PLUS-CLAUSES,numeric/ipc-2023/ext-plant-watering,instance_13_15_2_1.pddl,True,False,16000.0,13,1331,145,369,13,13,0,24,48,96,12,366,14.16,342,-1,-1"
"PATTY-BDC-DELTA-PLUS-CLAUSES,numeric/ipc-2023/ext-plant-watering,instance_13_9_2_1.pddl,True,False,2850.0,7,528,109,279,7,7,0,18,36,72,10,162,10.95,131,-1,-1"
"PATTY-BDC-DELTA-PLUS-CLAUSES,numeric/ipc-2023/ext-plant-watering,instance_14_13_2_1.pddl,True,False,13130.0,18,1183,133,339,18,18,0,22,44,88,13,363,13.06,311,-1,-1"
"PATTY-BDC-DELTA-PLUS-CLAUSES,numeric/ipc-2023/ext-plant-watering,instance_14_17_2_1.pddl,True,False,18450.0,14,1415,157,399,14,14,0,26,52,104,13,355,15.23,319,-1,-1"
"PATTY-BDC-DELTA-PLUS-CLAUSES,numeric/ipc-2023/ext-plant-watering,instance_14_19_2_1.pddl,False,True,30000,16,1380,169,429,16,16,0,28,56,112,13,426,16.3,345,-1,-1"
"PATTY-BDC-DELTA-PLUS-CLAUSES,numeric/ipc-2023/ext-plant-watering,instance_15_15_2_1.pddl,True,False,16410.0,13,984,145,369,13,13,0,24,48,96,14,243,14.16,215,-1,-1"
"PATTY-BDC-DELTA-PLUS-CLAUSES,numeric/ipc-2023/ext-plant-watering,instance_15_17_2_1.pddl,True,False,21240.0,15,1394,157,399,15,15,0,26,52,104,14,403,15.23,377,-1,-1"
"PATTY-BDC-DELTA-PLUS-CLAUSES,numeric/ipc-2023/ext-plant-watering,instance_15_19_2_1.pddl,False,True,30000,15,962,169,429,15,15,0,28,56,112,14,223,16.3,191,-1,-1"
"PATTY-BDC-DELTA-PLUS-CLAUSES,numeric/ipc-2023/ext-plant-watering,instance_15_7_2_1.pddl,True,False,4610.0,9,439,215,603,9,9,0,16,32,182,14,128,25.43,116,-1,-1"
"PATTY-BDC-DELTA-PLUS-CLAUSES,numeric/ipc-2023/farmland,instance_10_500_1229.pddl,True,False,1560.0,1,1008,75,191,1,1,0,11,52,52,402,35,5.54,32,-1,-1"
"PATTY-BDC-DELTA-PLUS-CLAUSES,numeric/ipc-2023/farmland,instance_10_700_1229.pddl,True,False,1670.0,1,891,75,191,1,1,0,11,52,52,588,33,5.54,33,-1,-1"
"PATTY-BDC-DELTA-PLUS-CLAUSES,numeric/ipc-2023/farmland,instance_2_300_1229.pddl,True,False,810.0,1,197,11,23,1,1,0,3,4,4,190,4,2.91,4,-1,-1"
"PATTY-BDC-DELTA-PLUS-CLAUSES,numeric/ipc-2023/farmland,instance_2_600_1229.pddl,True,False,950.0,1,419,11,23,1,1,0,3,4,4,400,4,2.91,4,-1,-1"
"PATTY-BDC-DELTA-PLUS-CLAUSES,numeric/ipc-2023/farmland,instance_2_700_1229.pddl,True,False,720.0,1,488,11,23,1,1,0,3,4,4,469,4,2.91,4,-1,-1"
"PATTY-BDC-DELTA-PLUS-CLAUSES,numeric/ipc-2023/farmland,instance_4_200_1229.pddl,True,False,1490.0,1,521,27,65,1,1,0,5,16,16,157,15,4.51,15,-1,-1"
"PATTY-BDC-DELTA-PLUS-CLAUSES,numeric/ipc-2023/farmland,instance_4_300_1229.pddl,True,False,990.0,1,348,27,65,1,1,0,5,16,16,284,11,4.51,9,-1,-1"
"PATTY-BDC-DELTA-PLUS-CLAUSES,numeric/ipc-2023/farmland,instance_4_400_1229.pddl,True,False,2460.0,1,765,27,65,1,1,0,5,16,16,354,14,4.51,13,-1,-1"
"PATTY-BDC-DELTA-PLUS-CLAUSES,numeric/ipc-2023/farmland,instance_4_600_1229.pddl,True,False,890.0,1,1640,27,65,1,1,0,5,16,16,553,14,4.51,14,-1,-1"
"PATTY-BDC-DELTA-PLUS-CLAUSES,numeric/ipc-2023/farmland,instance_4_700_1229.pddl,True,False,910.0,1,1739,27,65,1,1,0,5,16,16,578,11,4.51,9,-1,-1"
"PATTY-BDC-DELTA-PLUS-CLAUSES,numeric/ipc-2023/farmland,instance_4_800_1229.pddl,True,False,3040.0,1,1481,27,65,1,1,0,5,16,16,433,16,4.51,15,-1,-1"
"PATTY-BDC-DELTA-PLUS-CLAUSES,numeric/ipc-2023/farmland,instance_6_100_1229.pddl,True,False,1110.0,1,276,43,107,1,1,0,7,28,28,98,16,5.17,14,-1,-1"
"PATTY-BDC-DELTA-PLUS-CLAUSES,numeric/ipc-2023/farmland,instance_6_200_1229.pddl,True,False,1130.0,1,490,43,107,1,1,0,7,28,28,168,18,5.17,16,-1,-1"
"PATTY-BDC-DELTA-PLUS-CLAUSES,numeric/ipc-2023/farmland,instance_6_400_1229.pddl,True,False,3130.0,1,1064,43,107,1,1,0,7,28,28,363,24,5.17,22,-1,-1"
"PATTY-BDC-DELTA-PLUS-CLAUSES,numeric/ipc-2023/farmland,instance_6_500_1229.pddl,True,False,1180.0,1,1351,43,107,1,1,0,7,28,28,414,22,5.17,21,-1,-1"
"PATTY-BDC-DELTA-PLUS-CLAUSES,numeric/ipc-2023/farmland,instance_6_600_1229.pddl,True,False,1900.0,1,715,43,107,1,1,0,7,28,28,469,26,5.17,25,-1,-1"
"PATTY-BDC-DELTA-PLUS-CLAUSES,numeric/ipc-2023/farmland,instance_6_900_1229.pddl,True,False,1450.0,1,2270,43,107,1,1,0,7,28,28,739,23,5.17,22,-1,-1"
"PATTY-BDC-DELTA-PLUS-CLAUSES,numeric/ipc-2023/farmland,instance_8_200_1229.pddl,True,False,1650.0,1,551,59,149,1,1,0,9,40,40,173,29,5.35,27,-1,-1"
"PATTY-BDC-DELTA-PLUS-CLAUSES,numeric/ipc-2023/farmland,instance_8_400_1229.pddl,True,False,10310.0,1,1068,59,149,1,1,0,9,40,40,331,34,5.35,29,-1,-1"
"PATTY-BDC-DELTA-PLUS-CLAUSES,numeric/ipc-2023/farmland,instance_8_700_1229.pddl,True,False,4540.0,1,1318,59,149,1,1,0,9,40,40,667,30,5.35,26,-1,-1"
"PATTY-BDC-DELTA-PLUS-CLAUSES,numeric/ipc-2023/fo-farmland,instance_10_100_1229.pddl,True,False,23650.0,1,227,78,187,1,1,0,12,53,53,96,20,6.73,15,-1,-1"
"PATTY-BDC-DELTA-PLUS-CLAUSES,numeric/ipc-2023/fo-farmland,instance_10_200_1229.pddl,False,True,30000,-1,0,78,187,1,-1,0,12,53,53,-1,-1,6.73,-1,-1,-1"
"PATTY-BDC-DELTA-PLUS-CLAUSES,numeric/ipc-2023/fo-farmland,instance_10_400_1229.pddl,True,False,13090.0,1,906,78,187,1,1,0,12,53,53,375,37,6.73,31,-1,-1"
"PATTY-BDC-DELTA-PLUS-CLAUSES,numeric/ipc-2023/fo-farmland,instance_2_200_1229.pddl,True,False,810.0,1,213,14,27,1,1,0,4,5,5,200,5,3.37,4,-1,-1"
"PATTY-BDC-DELTA-PLUS-CLAUSES,numeric/ipc-2023/fo-farmland,instance_2_400_1229.pddl,True,False,760.0,1,334,14,27,1,1,0,4,5,5,231,3,3.37,3,-1,-1"
"PATTY-BDC-DELTA-PLUS-CLAUSES,numeric/ipc-2023/fo-farmland,instance_4_1000_1229.pddl,True,False,6260.0,1,1072,30,67,1,1,0,6,17,17,764,14,5.36,12,-1,-1"
"PATTY-BDC-DELTA-PLUS-CLAUSES,numeric/ipc-2023/fo-farmland,instance_4_300_1229.pddl,True,False,5420.0,1,302,30,67,1,1,0,6,17,17,215,11,5.36,9,-1,-1"
"PATTY-BDC-DELTA-PLUS-CLAUSES,numeric/ipc-2023/fo-farmland,instance_4_400_1229.pddl,True,False,1230.0,1,592,30,67,1,1,0,6,17,17,233,8,5.36,8,-1,-1"
"PATTY-BDC-DELTA-PLUS-CLAUSES,numeric/ipc-2023/fo-farmland,instance_4_800_1229.pddl,True,False,7530.0,1,2242,30,67,1,1,0,6,17,17,769,17,5.36,15,-1,-1"
"PATTY-BDC-DELTA-PLUS-CLAUSES,numeric/ipc-2023/fo-farmland,instance_6_100_1229.pddl,True,False,4040.0,1,268,46,107,1,1,0,8,29,29,88,18,6.14,11,-1,-1"
"PATTY-BDC-DELTA-PLUS-CLAUSES,numeric/ipc-2023/fo-farmland,instance_6_400_1229.pddl,True,False,6860.0,1,808,46,107,1,1,0,8,29,29,234,16,6.14,13,-1,-1"
"PATTY-BDC-DELTA-PLUS-CLAUSES,numeric/ipc-2023/fo-farmland,instance_6_600_1229.pddl,True,False,19070.0,1,1518,46,107,1,1,0,8,29,29,542,23,6.14,22,-1,-1"
"PATTY-BDC-DELTA-PLUS-CLAUSES,numeric/ipc-2023/fo-farmland,instance_6_800_1229.pddl,True,False,8960.0,1,1404,46,107,1,1,0,8,29,29,553,19,6.14,16,-1,-1"
"PATTY-BDC-DELTA-PLUS-CLAUSES,numeric/ipc-2023/fo-farmland,instance_6_900_1229.pddl,True,False,10050.0,1,1418,46,107,1,1,0,8,29,29,400,21,6.14,18,-1,-1"
"PATTY-BDC-DELTA-PLUS-CLAUSES,numeric/ipc-2023/fo-farmland,instance_8_300_1229.pddl,False,True,30000,-1,0,62,147,1,-1,0,10,41,41,-1,-1,6.4,-1,-1,-1"
"PATTY-BDC-DELTA-PLUS-CLAUSES,numeric/ipc-2023/fo-farmland,instance_8_400_1229.pddl,True,False,13130.0,1,679,62,147,1,1,0,10,41,41,178,28,6.4,19,-1,-1"
"PATTY-BDC-DELTA-PLUS-CLAUSES,numeric/ipc-2023/fo-farmland,instance_8_500_1229.pddl,True,False,12100.0,1,653,62,147,1,1,0,10,41,41,483,27,6.4,22,-1,-1"
"PATTY-BDC-DELTA-PLUS-CLAUSES,numeric/ipc-2023/fo-farmland,instance_8_600_1229.pddl,True,False,19770.0,1,1894,62,147,1,1,0,10,41,41,563,31,6.4,23,-1,-1"
"PATTY-BDC-DELTA-PLUS-CLAUSES,numeric/ipc-2023/fo-farmland,instance_8_700_1229.pddl,True,False,13800.0,1,929,62,147,1,1,0,10,41,41,335,32,6.4,31,-1,-1"
"PATTY-BDC-DELTA-PLUS-CLAUSES,numeric/ipc-2023/fo-farmland,instance_8_900_1229.pddl,False,True,30000,-1,0,62,147,1,-1,0,10,41,41,-1,-1,6.4,-1,-1,-1"
"PATTY-BDC-DELTA-PLUS-CLAUSES,numeric/ipc-2023/fo-sailing,instance_1_1_1229.pddl,True,False,820.0,1,86,19,43,1,1,1,3,10,10,36,7,1.95,6,-1,-1"
"PATTY-BDC-DELTA-PLUS-CLAUSES,numeric/ipc-2023/fo-sailing,instance_1_2_1229.pddl,True,False,860.0,2,189,22,49,2,2,2,3,11,11,81,8,2.45,6,-1,-1"
"PATTY-BDC-DELTA-PLUS-CLAUSES,numeric/ipc-2023/fo-sailing,instance_1_3_1229.pddl,True,False,720.0,3,642,25,55,3,3,3,3,12,12,292,16,2.84,11,-1,-1"
"PATTY-BDC-DELTA-PLUS-CLAUSES,numeric/ipc-2023/fo-sailing,instance_1_4_1229.pddl,True,False,1000.0,4,1285,28,61,4,4,4,3,13,13,335,13,3.15,9,-1,-1"
"PATTY-BDC-DELTA-PLUS-CLAUSES,numeric/ipc-2023/fo-sailing,instance_2_1_1229.pddl,True,False,710.0,1,177,35,82,1,1,1,6,20,20,87,5,1.98,3,-1,-1"
"PATTY-BDC-DELTA-PLUS-CLAUSES,numeric/ipc-2023/fo-sailing,instance_2_2_1229.pddl,True,False,700.0,1,82,39,92,1,1,2,6,22,22,59,7,2.49,5,-1,-1"
"PATTY-BDC-DELTA-PLUS-CLAUSES,numeric/ipc-2023/fo-sailing,instance_2_3_1229.pddl,True,False,1140.0,2,3090,43,102,2,2,3,6,24,24,760,26,2.9,19,-1,-1"
"PATTY-BDC-DELTA-PLUS-CLAUSES,numeric/ipc-2023/fo-sailing,instance_2_4_1229.pddl,True,False,2170.0,2,62043,47,112,2,2,4,6,26,26,19710,27,3.24,20,-1,-1"
"PATTY-BDC-DELTA-PLUS-CLAUSES,numeric/ipc-2023/fo-sailing,instance_3_1_1229.pddl,True,False,660.0,1,922,51,121,1,1,1,9,30,30,188,12,1.98,9,-1,-1"
"PATTY-BDC-DELTA-PLUS-CLAUSES,numeric/ipc-2023/fo-sailing,instance_3_2_1229.pddl,True,False,890.0,1,328,56,135,1,1,2,9,33,33,171,11,2.5,7,-1,-1"
"PATTY-BDC-DELTA-PLUS-CLAUSES,numeric/ipc-2023/fo-sailing,instance_3_3_1229.pddl,True,False,900.0,1,206,61,149,1,1,3,9,36,36,59,14,2.93,8,-1,-1"
"PATTY-BDC-DELTA-PLUS-CLAUSES,numeric/ipc-2023/fo-sailing,instance_3_4_1229.pddl,True,False,1040.0,2,1490,66,163,2,2,4,9,39,39,318,25,3.28,16,-1,-1"
"PATTY-BDC-DELTA-PLUS-CLAUSES,numeric/ipc-2023/fo-sailing,instance_4_1_1229.pddl,True,False,920.0,1,836,67,160,1,1,1,12,40,40,180,13,1.99,8,-1,-1"
"PATTY-BDC-DELTA-PLUS-CLAUSES,numeric/ipc-2023/fo-sailing,instance_4_2_1229.pddl,True,False,1040.0,1,551,73,178,1,1,2,12,44,44,95,13,2.51,9,-1,-1"
"PATTY-BDC-DELTA-PLUS-CLAUSES,numeric/ipc-2023/fo-sailing,instance_4_3_1229.pddl,True,False,920.0,1,436,79,196,1,1,3,12,48,48,177,13,2.94,9,-1,-1"
"PATTY-BDC-DELTA-PLUS-CLAUSES,numeric/ipc-2023/fo-sailing,instance_4_4_1229.pddl,True,False,1180.0,1,2106,85,214,1,1,4,12,52,52,844,17,3.29,12,-1,-1"
"PATTY-BDC-DELTA-PLUS-CLAUSES,numeric/ipc-2023/fo-sailing,instance_5_1_1229.pddl,True,False,1090.0,1,87,83,199,1,1,1,15,50,50,29,10,1.99,6,-1,-1"
"PATTY-BDC-DELTA-PLUS-CLAUSES,numeric/ipc-2023/fo-sailing,instance_5_2_1229.pddl,True,False,980.0,1,479,90,221,1,1,2,15,55,55,78,17,2.52,13,-1,-1"
"PATTY-BDC-DELTA-PLUS-CLAUSES,numeric/ipc-2023/fo-sailing,instance_5_3_1229.pddl,True,False,1150.0,1,498,97,243,1,1,3,15,60,60,91,13,2.95,10,-1,-1"
"PATTY-BDC-DELTA-PLUS-CLAUSES,numeric/ipc-2023/fo-sailing,instance_5_4_1229.pddl,True,False,930.0,1,284,104,265,1,1,4,15,65,65,57,13,3.31,8,-1,-1"
"PATTY-BDC-DELTA-PLUS-CLAUSES,numeric/ipc-2023/fo_counters,instance_10.pddl,True,False,8940.0,1,131,83,185,1,1,0,21,40,40,15,38,3.16,16,-1,-1"
"PATTY-BDC-DELTA-PLUS-CLAUSES,numeric/ipc-2023/fo_counters,instance_11.pddl,True,False,9370.0,1,135,91,203,1,1,0,23,44,44,15,43,3.17,15,-1,-1"
"PATTY-BDC-DELTA-PLUS-CLAUSES,numeric/ipc-2023/fo_counters,instance_12.pddl,True,False,8460.0,1,92,99,221,1,1,0,25,48,48,11,34,3.17,13,-1,-1"
"PATTY-BDC-DELTA-PLUS-CLAUSES,numeric/ipc-2023/fo_counters,instance_13.pddl,True,False,4640.0,1,226,107,239,1,1,0,27,52,52,25,52,3.18,25,-1,-1"
"PATTY-BDC-DELTA-PLUS-CLAUSES,numeric/ipc-2023/fo_counters,instance_14.pddl,True,False,23950.0,1,237,115,257,1,1,0,29,56,56,26,56,3.18,28,-1,-1"
"PATTY-BDC-DELTA-PLUS-CLAUSES,numeric/ipc-2023/fo_counters,instance_15.pddl,False,True,30000,-1,0,123,275,1,-1,0,31,60,60,-1,-1,3.18,-1,-1,-1"
"PATTY-BDC-DELTA-PLUS-CLAUSES,numeric/ipc-2023/fo_counters,instance_16.pddl,False,True,30000,-1,0,131,293,1,-1,0,33,64,64,-1,-1,3.18,-1,-1,-1"
"PATTY-BDC-DELTA-PLUS-CLAUSES,numeric/ipc-2023/fo_counters,instance_17.pddl,False,True,30000,-1,0,139,311,1,-1,0,35,68,68,-1,-1,3.19,-1,-1,-1"
"PATTY-BDC-DELTA-PLUS-CLAUSES,numeric/ipc-2023/fo_counters,instance_18.pddl,False,True,30000,-1,0,147,329,1,-1,0,37,72,72,-1,-1,3.19,-1,-1,-1"
"PATTY-BDC-DELTA-PLUS-CLAUSES,numeric/ipc-2023/fo_counters,instance_19.pddl,False,True,30000,-1,0,155,347,1,-1,0,39,76,76,-1,-1,3.19,-1,-1,-1"
"PATTY-BDC-DELTA-PLUS-CLAUSES,numeric/ipc-2023/fo_counters,instance_2.pddl,True,False,810.0,1,11,19,41,1,1,0,5,8,8,4,6,2.95,2,-1,-1"
"PATTY-BDC-DELTA-PLUS-CLAUSES,numeric/ipc-2023/fo_counters,instance_20.pddl,False,True,30000,-1,0,163,365,1,-1,0,41,80,80,-1,-1,3.19,-1,-1,-1"
"PATTY-BDC-DELTA-PLUS-CLAUSES,numeric/ipc-2023/fo_counters,instance_21.pddl,False,True,30000,-1,0,171,383,1,-1,0,43,84,84,-1,-1,3.19,-1,-1,-1"
"PATTY-BDC-DELTA-PLUS-CLAUSES,numeric/ipc-2023/fo_counters,instance_3.pddl,True,False,810.0,1,15,27,59,1,1,0,7,12,12,7,7,3.03,3,-1,-1"
"PATTY-BDC-DELTA-PLUS-CLAUSES,numeric/ipc-2023/fo_counters,instance_4.pddl,True,False,880.0,1,12,35,77,1,1,0,9,16,16,3,9,3.08,2,-1,-1"
"PATTY-BDC-DELTA-PLUS-CLAUSES,numeric/ipc-2023/fo_counters,instance_5.pddl,True,False,890.0,1,43,43,95,1,1,0,11,20,20,9,14,3.11,7,-1,-1"
"PATTY-BDC-DELTA-PLUS-CLAUSES,numeric/ipc-2023/fo_counters,instance_6.pddl,True,False,1210.0,1,36,51,113,1,1,0,13,24,24,7,16,3.12,7,-1,-1"
"PATTY-BDC-DELTA-PLUS-CLAUSES,numeric/ipc-2023/fo_counters,instance_7.pddl,True,False,1300.0,1,38,59,131,1,1,0,15,28,28,6,19,3.14,7,-1,-1"
"PATTY-BDC-DELTA-PLUS-CLAUSES,numeric/ipc-2023/fo_counters,instance_8.pddl,False,True,30000,-1,0,67,149,1,-1,0,17,32,32,-1,-1,3.15,-1,-1,-1"
"PATTY-BDC-DELTA-PLUS-CLAUSES,numeric/ipc-2023/fo_counters,instance_9.pddl,True,False,1630.0,1,98,75,167,1,1,0,19,36,36,13,27,3.16,18,-1,-1"
"PATTY-BDC-DELTA-PLUS-CLAUSES,numeric/ipc-2023/hydropower,pfile01.pddl,True,False,6930.0,1,69,251,595,1,1,49,3,146,146,1,69,19.52,0,-1,-1"
"PATTY-BDC-DELTA-PLUS-CLAUSES,numeric/ipc-2023/hydropower,pfile02.pddl,True,False,11370.0,1,48,251,595,1,1,49,3,146,146,1,48,19.52,0,-1,-1"
"PATTY-BDC-DELTA-PLUS-CLAUSES,numeric/ipc-2023/hydropower,pfile04.pddl,True,False,16250.0,1,64,251,595,1,1,49,3,146,146,2,51,19.52,13,-1,-1"
"PATTY-BDC-DELTA-PLUS-CLAUSES,numeric/ipc-2023/hydropower,pfile05.pddl,False,True,30000,-1,0,251,595,1,-1,49,3,146,146,-1,-1,19.52,-1,-1,-1"
"PATTY-BDC-DELTA-PLUS-CLAUSES,numeric/ipc-2023/hydropower,pfile06.pddl,True,False,13280.0,1,69,251,595,1,1,49,3,146,146,2,62,19.52,7,-1,-1"
"PATTY-BDC-DELTA-PLUS-CLAUSES,numeric/ipc-2023/hydropower,pfile07.pddl,True,False,14010.0,1,91,251,595,1,1,49,3,146,146,4,78,19.52,11,-1,-1"
"PATTY-BDC-DELTA-PLUS-CLAUSES,numeric/ipc-2023/hydropower,pfile08.pddl,True,False,12890.0,1,71,251,595,1,1,49,3,146,146,4,61,19.52,7,-1,-1"
"PATTY-BDC-DELTA-PLUS-CLAUSES,numeric/ipc-2023/hydropower,pfile09.pddl,True,False,23850.0,1,107,251,595,1,1,49,3,146,146,5,85,19.52,18,-1,-1"
"PATTY-BDC-DELTA-PLUS-CLAUSES,numeric/ipc-2023/hydropower,pfile11.pddl,True,False,22170.0,1,131,251,595,1,1,49,3,146,146,9,85,19.52,28,-1,-1"
"PATTY-BDC-DELTA-PLUS-CLAUSES,numeric/ipc-2023/hydropower,pfile12.pddl,True,False,14120.0,1,153,251,595,1,1,49,3,146,146,13,88,19.52,36,-1,-1"
"PATTY-BDC-DELTA-PLUS-CLAUSES,numeric/ipc-2023/hydropower,pfile13.pddl,True,False,18260.0,1,146,251,595,1,1,49,3,146,146,15,81,19.52,32,-1,-1"
"PATTY-BDC-DELTA-PLUS-CLAUSES,numeric/ipc-2023/hydropower,pfile14.pddl,True,False,20200.0,1,184,251,595,1,1,49,3,146,146,18,99,19.52,43,-1,-1"
"PATTY-BDC-DELTA-PLUS-CLAUSES,numeric/ipc-2023/hydropower,pfile18.pddl,True,False,18190.0,1,257,251,595,1,1,49,3,146,146,26,118,19.52,55,-1,-1"
"PATTY-BDC-DELTA-PLUS-CLAUSES,numeric/ipc-2023/hydropower,pfile19.pddl,True,False,18110.0,1,289,251,595,1,1,49,3,146,146,30,126,19.52,64,-1,-1"
"PATTY-BDC-DELTA-PLUS-CLAUSES,numeric/ipc-2023/hydropower,pfile20.pddl,True,False,22530.0,1,325,251,595,1,1,49,3,146,146,33,133,19.52,78,-1,-1"
"PATTY-BDC-DELTA-PLUS-CLAUSES,numeric/ipc-2023/hydropower,pfile22.pddl,True,False,21630.0,1,292,251,595,1,1,49,3,146,146,38,111,19.52,49,-1,-1"
"PATTY-BDC-DELTA-PLUS-CLAUSES,numeric/ipc-2023/hydropower,pfile23.pddl,False,True,30000,-1,0,251,595,1,-1,49,3,146,146,-1,-1,19.52,-1,-1,-1"
"PATTY-BDC-DELTA-PLUS-CLAUSES,numeric/ipc-2023/hydropower,pfile24.pddl,False,True,30000,-1,0,251,595,1,-1,49,3,146,146,-1,-1,19.52,-1,-1,-1"
"PATTY-BDC-DELTA-PLUS-CLAUSES,numeric/ipc-2023/hydropower,pfile27.pddl,False,True,30000,-1,0,251,595,1,-1,49,3,146,146,-1,-1,19.52,-1,-1,-1"
"PATTY-BDC-DELTA-PLUS-CLAUSES,numeric/ipc-2023/hydropower,pfile28.pddl,True,False,18010.0,1,397,251,595,1,1,49,3,146,146,53,123,19.52,68,-1,-1"
"PATTY-BDC-DELTA-PLUS-CLAUSES,numeric/ipc-2023/markettrader,pfile01.pddl,False,True,30000,-1,0,92,220,3,-1,2,16,55,55,-1,-1,8.19,-1,-1,-1"
"PATTY-BDC-DELTA-PLUS-CLAUSES,numeric/ipc-2023/markettrader,pfile02.pddl,False,True,30000,-1,0,86,205,3,-1,2,15,51,51,-1,-1,7.71,-1,-1,-1"
"PATTY-BDC-DELTA-PLUS-CLAUSES,numeric/ipc-2023/markettrader,pfile03.pddl,False,True,30000,-1,0,86,205,4,-1,2,15,51,51,-1,-1,7.71,-1,-1,-1"
"PATTY-BDC-DELTA-PLUS-CLAUSES,numeric/ipc-2023/markettrader,pfile04.pddl,False,True,30000,-1,0,87,208,5,-1,2,15,52,52,-1,-1,7.95,-1,-1,-1"
"PATTY-BDC-DELTA-PLUS-CLAUSES,numeric/ipc-2023/markettrader,pfile05.pddl,False,True,30000,-1,0,87,208,5,-1,2,15,52,52,-1,-1,7.95,-1,-1,-1"
"PATTY-BDC-DELTA-PLUS-CLAUSES,numeric/ipc-2023/markettrader,pfile06.pddl,False,True,30000,-1,0,132,334,1,-1,3,18,89,89,-1,-1,10.9,-1,-1,-1"
"PATTY-BDC-DELTA-PLUS-CLAUSES,numeric/ipc-2023/markettrader,pfile07.pddl,False,True,30000,-1,0,217,603,4,-1,3,16,85,178,-1,-1,28.85,-1,-1,-1"
"PATTY-BDC-DELTA-PLUS-CLAUSES,numeric/ipc-2023/markettrader,pfile08.pddl,False,True,30000,-1,0,123,313,1,-1,3,16,84,84,-1,-1,11.89,-1,-1,-1"
"PATTY-BDC-DELTA-PLUS-CLAUSES,numeric/ipc-2023/markettrader,pfile09.pddl,False,True,30000,-1,0,122,308,1,-1,3,16,83,83,-1,-1,12.77,-1,-1,-1"
"PATTY-BDC-DELTA-PLUS-CLAUSES,numeric/ipc-2023/markettrader,pfile10.pddl,True,False,28310.0,3,213,134,340,3,3,3,18,91,91,76,19,11.49,7,-1,-1"
"PATTY-BDC-DELTA-PLUS-CLAUSES,numeric/ipc-2023/markettrader,pfile11.pddl,False,True,30000,-1,0,152,398,1,-1,4,16,111,111,-1,-1,16.05,-1,-1,-1"
"PATTY-BDC-DELTA-PLUS-CLAUSES,numeric/ipc-2023/markettrader,pfile12.pddl,False,True,30000,-1,0,147,390,1,-1,4,15,108,108,-1,-1,15.78,-1,-1,-1"
"PATTY-BDC-DELTA-PLUS-CLAUSES,numeric/ipc-2023/markettrader,pfile13.pddl,False,True,30000,-1,0,161,424,1,-1,4,17,118,118,-1,-1,15.31,-1,-1,-1"
"PATTY-BDC-DELTA-PLUS-CLAUSES,numeric/ipc-2023/markettrader,pfile14.pddl,False,True,30000,-1,0,159,416,1,-1,4,17,116,116,-1,-1,16.91,-1,-1,-1"
"PATTY-BDC-DELTA-PLUS-CLAUSES,numeric/ipc-2023/markettrader,pfile15.pddl,False,True,30000,-1,0,165,433,1,-1,4,18,120,120,-1,-1,14.39,-1,-1,-1"
"PATTY-BDC-DELTA-PLUS-CLAUSES,numeric/ipc-2023/markettrader,pfile16.pddl,False,True,30000,-1,0,196,522,1,-1,5,18,149,149,-1,-1,19.31,-1,-1,-1"
"PATTY-BDC-DELTA-PLUS-CLAUSES,numeric/ipc-2023/markettrader,pfile17.pddl,False,True,30000,-1,0,194,525,1,-1,5,17,149,149,-1,-1,21.08,-1,-1,-1"
"PATTY-BDC-DELTA-PLUS-CLAUSES,numeric/ipc-2023/markettrader,pfile18.pddl,False,True,30000,-1,0,200,540,1,-1,5,18,153,153,-1,-1,21.04,-1,-1,-1"
"PATTY-BDC-DELTA-PLUS-CLAUSES,numeric/ipc-2023/markettrader,pfile19.pddl,False,True,30000,-1,0,196,522,1,-1,5,18,149,149,-1,-1,19.63,-1,-1,-1"
"PATTY-BDC-DELTA-PLUS-CLAUSES,numeric/ipc-2023/markettrader,pfile20.pddl,False,True,30000,-1,0,200,538,1,-1,5,18,153,153,-1,-1,19.93,-1,-1,-1"
"PATTY-BDC-DELTA-PLUS-CLAUSES,numeric/ipc-2023/mprime,pfile01.pddl,True,False,1020.0,2,83,239,685,2,2,27,7,85,170,8,37,12.74,25,-1,-1"
"PATTY-BDC-DELTA-PLUS-CLAUSES,numeric/ipc-2023/mprime,pfile02.pddl,False,True,30000,-1,0,3017,10425,2,-1,248,11,1249,2498,-1,-1,67.2,-1,-1,-1"
"PATTY-BDC-DELTA-PLUS-CLAUSES,numeric/ipc-2023/mprime,pfile04.pddl,True,False,3000.0,2,84,733,2153,2,2,87,11,268,536,4,44,31.7,30,-1,-1"
"PATTY-BDC-DELTA-PLUS-CLAUSES,numeric/ipc-2023/mprime,pfile05.pddl,False,True,30000,-1,0,2641,9102,2,-1,212,12,1096,2192,-1,-1,60.36,-1,-1,-1"
"PATTY-BDC-DELTA-PLUS-CLAUSES,numeric/ipc-2023/mprime,pfile09.pddl,True,False,21740.0,2,49,2031,6943,2,2,171,11,833,1666,4,34,45.9,10,-1,-1"
"PATTY-BDC-DELTA-PLUS-CLAUSES,numeric/ipc-2023/mprime,pfile13.pddl,False,True,30000,-1,0,-1,-1,-1,-1,1488,29,15002,-1,-1,-1,-1,-1,-1,-1"
"PATTY-BDC-DELTA-PLUS-CLAUSES,numeric/ipc-2023/mprime,pfile14.pddl,False,True,30000,-1,0,-1,-1,-1,-1,1509,30,17595,-1,-1,-1,-1,-1,-1,-1"
"PATTY-BDC-DELTA-PLUS-CLAUSES,numeric/ipc-2023/mprime,pfile15.pddl,False,True,30000,-1,0,6772,23351,1,-1,551,28,5613,5613,-1,-1,52.89,-1,-1,-1"
"PATTY-BDC-DELTA-PLUS-CLAUSES,numeric/ipc-2023/mprime,pfile16.pddl,True,False,13230.0,1,68,2190,7113,1,1,239,18,1675,1675,6,40,25.77,18,-1,-1"
"PATTY-BDC-DELTA-PLUS-CLAUSES,numeric/ipc-2023/mprime,pfile18.pddl,False,True,30000,-1,0,8157,29023,2,-1,415,29,3634,7268,-1,-1,97.37,-1,-1,-1"
"PATTY-BDC-DELTA-PLUS-CLAUSES,numeric/ipc-2023/mprime,pfile19.pddl,False,True,30000,-1,0,8709,31617,2,-1,442,23,3889,7778,-1,-1,102.09,-1,-1,-1"
"PATTY-BDC-DELTA-PLUS-CLAUSES,numeric/ipc-2023/mprime,pfile20.pddl,False,True,30000,-1,0,5559,19557,2,-1,314,29,2436,4872,-1,-1,48.67,-1,-1,-1"
"PATTY-BDC-DELTA-PLUS-CLAUSES,numeric/ipc-2023/mprime,pfile21.pddl,False,True,30000,-1,0,6625,22160,1,-1,684,18,5220,5220,-1,-1,92.68,-1,-1,-1"
"PATTY-BDC-DELTA-PLUS-CLAUSES,numeric/ipc-2023/mprime,pfile22.pddl,False,True,30000,-1,0,-1,-1,-1,-1,1002,37,13561,-1,-1,-1,-1,-1,-1,-1"
"PATTY-BDC-DELTA-PLUS-CLAUSES,numeric/ipc-2023/mprime,pfile23.pddl,False,True,30000,-1,0,6104,20629,1,-1,549,26,4953,4953,-1,-1,66.99,-1,-1,-1"
"PATTY-BDC-DELTA-PLUS-CLAUSES,numeric/ipc-2023/mprime,pfile24.pddl,False,True,30000,-1,0,5128,15929,1,-1,711,18,3669,3669,-1,-1,114.97,-1,-1,-1"
"PATTY-BDC-DELTA-PLUS-CLAUSES,numeric/ipc-2023/mprime,pfile25.pddl,True,False,1130.0,2,42,189,572,2,2,20,6,68,136,4,24,10.67,14,-1,-1"
"PATTY-BDC-DELTA-PLUS-CLAUSES,numeric/ipc-2023/mprime,pfile26.pddl,True,False,29080.0,2,156,1879,6373,2,2,128,17,794,1588,11,87,32.33,37,-1,-1"
"PATTY-BDC-DELTA-PLUS-CLAUSES,numeric/ipc-2023/mprime,pfile27.pddl,True,False,5630.0,2,163,893,2936,2,2,81,10,355,710,12,69,25.12,43,-1,-1"
"PATTY-BDC-DELTA-PLUS-CLAUSES,numeric/ipc-2023/mprime,pfile28.pddl,True,False,1660.0,3,143,321,920,3,3,47,6,107,214,19,46,19.39,31,-1,-1"
"PATTY-BDC-DELTA-PLUS-CLAUSES,numeric/ipc-2023/pathwaysmetric,pfile01.pddl,True,False,750.0,1,68,163,295,1,1,32,27,44,44,28,12,2.24,8,-1,-1"
"PATTY-BDC-DELTA-PLUS-CLAUSES,numeric/ipc-2023/pathwaysmetric,pfile03.pddl,True,False,1150.0,1,88,261,484,1,1,38,55,74,74,28,20,2.46,14,-1,-1"
"PATTY-BDC-DELTA-PLUS-CLAUSES,numeric/ipc-2023/pathwaysmetric,pfile04.pddl,True,False,1410.0,1,130,326,619,1,1,44,68,101,101,26,26,2.59,21,-1,-1"
"PATTY-BDC-DELTA-PLUS-CLAUSES,numeric/ipc-2023/pathwaysmetric,pfile06.pddl,True,False,2410.0,1,504,559,1053,1,1,70,126,166,166,132,47,3.06,35,-1,-1"
"PATTY-BDC-DELTA-PLUS-CLAUSES,numeric/ipc-2023/pathwaysmetric,pfile07.pddl,True,False,5870.0,1,16891,698,1330,1,1,80,161,215,215,10937,162,3.19,125,-1,-1"
"PATTY-BDC-DELTA-PLUS-CLAUSES,numeric/ipc-2023/pathwaysmetric,pfile08.pddl,True,False,2950.0,1,829,841,1635,1,1,82,200,276,276,85,115,3.56,90,-1,-1"
"PATTY-BDC-DELTA-PLUS-CLAUSES,numeric/ipc-2023/pathwaysmetric,pfile09.pddl,True,False,8520.0,1,39501,834,1607,1,1,96,186,269,269,7980,219,3.65,168,-1,-1"
"PATTY-BDC-DELTA-PLUS-CLAUSES,numeric/ipc-2023/pathwaysmetric,pfile10.pddl,False,True,30000,-1,0,761,1535,1,-1,78,158,288,288,-1,-1,3.38,-1,-1,-1"
"PATTY-BDC-DELTA-PLUS-CLAUSES,numeric/ipc-2023/pathwaysmetric,pfile11.pddl,True,False,12840.0,1,11858,757,1500,1,1,94,147,274,274,2576,223,2.99,174,-1,-1"
"PATTY-BDC-DELTA-PLUS-CLAUSES,numeric/ipc-2023/pathwaysmetric,pfile13.pddl,True,False,4140.0,1,845,860,1697,1,1,96,182,303,303,91,148,3.24,124,-1,-1"
"PATTY-BDC-DELTA-PLUS-CLAUSES,numeric/ipc-2023/pathwaysmetric,pfile14.pddl,False,True,30000,-1,0,877,1732,1,-1,86,199,306,306,-1,-1,3.81,-1,-1,-1"
"PATTY-BDC-DELTA-PLUS-CLAUSES,numeric/ipc-2023/pathwaysmetric,pfile15.pddl,True,False,7510.0,1,6082,932,1910,1,1,90,190,371,371,960,296,3.52,246,-1,-1"
"PATTY-BDC-DELTA-PLUS-CLAUSES,numeric/ipc-2023/pathwaysmetric,pfile16.pddl,True,False,23150.0,1,11085,1459,2959,1,1,110,344,550,550,1526,442,4.44,338,-1,-1"
"PATTY-BDC-DELTA-PLUS-CLAUSES,numeric/ipc-2023/pathwaysmetric,pfile18.pddl,True,False,13010.0,1,8613,1128,2218,1,1,92,281,381,381,1396,325,4.38,260,-1,-1"
"PATTY-BDC-DELTA-PLUS-CLAUSES,numeric/ipc-2023/pathwaysmetric,pfile20.pddl,True,False,21720.0,1,7618,1257,2488,1,1,104,306,436,436,842,367,4.47,299,-1,-1"
"PATTY-BDC-DELTA-PLUS-CLAUSES,numeric/ipc-2023/pathwaysmetric,pfile21.pddl,False,True,30000,-1,0,1475,3013,1,-1,122,328,574,574,-1,-1,4.17,-1,-1,-1"
"PATTY-BDC-DELTA-PLUS-CLAUSES,numeric/ipc-2023/pathwaysmetric,pfile23.pddl,True,False,13490.0,1,10365,1304,2662,1,1,122,274,511,511,3987,409,3.9,336,-1,-1"
"PATTY-BDC-DELTA-PLUS-CLAUSES,numeric/ipc-2023/pathwaysmetric,pfile24.pddl,True,False,17720.0,1,11238,1471,2892,1,1,112,376,494,494,1730,399,4.59,332,-1,-1"
"PATTY-BDC-DELTA-PLUS-CLAUSES,numeric/ipc-2023/pathwaysmetric,pfile26.pddl,True,False,10600.0,1,3023,1662,3415,1,1,134,367,659,659,316,250,4.46,207,-1,-1"
"PATTY-BDC-DELTA-PLUS-CLAUSES,numeric/ipc-2023/pathwaysmetric,pfile27.pddl,False,True,30000,-1,0,1946,3999,1,-1,142,447,767,767,-1,-1,4.78,-1,-1,-1"
"PATTY-BDC-DELTA-PLUS-CLAUSES,numeric/ipc-2023/rover,pfile1.pddl,True,False,2080.0,3,15,235,678,3,3,40,2,72,150,2,13,35.18,2,-1,-1"
"PATTY-BDC-DELTA-PLUS-CLAUSES,numeric/ipc-2023/rover,pfile10.pddl,False,True,30000,-1,0,1380,4455,3,-1,166,5,506,1037,-1,-1,67.61,-1,-1,-1"
"PATTY-BDC-DELTA-PLUS-CLAUSES,numeric/ipc-2023/rover,pfile11.pddl,False,True,30000,-1,0,1826,6179,4,-1,171,5,722,1473,-1,-1,91.27,-1,-1,-1"
"PATTY-BDC-DELTA-PLUS-CLAUSES,numeric/ipc-2023/rover,pfile12.pddl,False,True,30000,-1,0,1639,5427,3,-1,175,5,629,1278,-1,-1,87.45,-1,-1,-1"
"PATTY-BDC-DELTA-PLUS-CLAUSES,numeric/ipc-2023/rover,pfile13.pddl,False,True,30000,-1,0,1486,4652,1,-1,204,5,1067,1067,-1,-1,66.57,-1,-1,-1"
"PATTY-BDC-DELTA-PLUS-CLAUSES,numeric/ipc-2023/rover,pfile14.pddl,False,True,30000,-1,0,2104,7020,3,-1,212,5,820,1669,-1,-1,104.95,-1,-1,-1"
"PATTY-BDC-DELTA-PLUS-CLAUSES,numeric/ipc-2023/rover,pfile15.pddl,False,True,30000,-1,0,1630,4993,1,-1,242,5,1135,1135,-1,-1,76.59,-1,-1,-1"
"PATTY-BDC-DELTA-PLUS-CLAUSES,numeric/ipc-2023/rover,pfile16.pddl,False,True,30000,-1,0,1396,4066,2,-1,243,5,899,899,-1,-1,63.98,-1,-1,-1"
"PATTY-BDC-DELTA-PLUS-CLAUSES,numeric/ipc-2023/rover,pfile17.pddl,False,True,30000,-1,0,2784,8510,1,-1,422,7,1925,1925,-1,-1,83.07,-1,-1,-1"
"PATTY-BDC-DELTA-PLUS-CLAUSES,numeric/ipc-2023/rover,pfile18.pddl,False,True,30000,-1,0,3547,10665,1,-1,561,7,2410,2410,-1,-1,96.67,-1,-1,-1"
"PATTY-BDC-DELTA-PLUS-CLAUSES,numeric/ipc-2023/rover,pfile19.pddl,False,True,30000,-1,0,-1,-1,-1,-1,593,7,4250,-1,-1,-1,-1,-1,-1,-1"
"PATTY-BDC-DELTA-PLUS-CLAUSES,numeric/ipc-2023/rover,pfile2.pddl,True,False,1760.0,3,21,261,749,3,3,45,2,79,166,2,19,39.15,2,-1,-1"
"PATTY-BDC-DELTA-PLUS-CLAUSES,numeric/ipc-2023/rover,pfile20.pddl,False,True,30000,-1,0,-1,-1,-1,-1,858,9,6723,-1,-1,-1,-1,-1,-1,-1"
"PATTY-BDC-DELTA-PLUS-CLAUSES,numeric/ipc-2023/rover,pfile3.pddl,True,False,2770.0,3,43,361,1044,3,3,61,3,112,232,9,24,30.86,6,-1,-1"
"PATTY-BDC-DELTA-PLUS-CLAUSES,numeric/ipc-2023/rover,pfile4.pddl,True,False,1010.0,1,40,259,603,1,1,68,3,116,116,18,12,13.97,3,-1,-1"
"PATTY-BDC-DELTA-PLUS-CLAUSES,numeric/ipc-2023/rover,pfile5.pddl,True,False,6470.0,4,36,505,1541,4,4,74,3,175,350,2,32,44.46,4,-1,-1"
"PATTY-BDC-DELTA-PLUS-CLAUSES,numeric/ipc-2023/rover,pfile6.pddl,False,True,30000,-1,0,973,3323,5,-1,83,3,258,800,-1,-1,98.6,-1,-1,-1"
"PATTY-BDC-DELTA-PLUS-CLAUSES,numeric/ipc-2023/rover,pfile7.pddl,True,False,3970.0,3,48,674,2057,3,3,99,4,228,467,11,32,39.73,7,-1,-1"
"PATTY-BDC-DELTA-PLUS-CLAUSES,numeric/ipc-2023/rover,pfile8.pddl,True,False,17510.0,3,52,1243,4032,3,3,145,5,458,942,9,38,60.91,6,-1,-1"
"PATTY-BDC-DELTA-PLUS-CLAUSES,numeric/ipc-2023/rover,pfile9.pddl,False,True,30000,-1,0,1333,4259,4,-1,165,5,496,992,-1,-1,60.48,-1,-1,-1"
"PATTY-BDC-DELTA-PLUS-CLAUSES,numeric/ipc-2023/sailing,instance_1_10_1229.pddl,True,False,1020.0,9,1876,42,73,9,9,10,2,17,17,186,29,4.45,19,-1,-1"
"PATTY-BDC-DELTA-PLUS-CLAUSES,numeric/ipc-2023/sailing,instance_1_4_1229.pddl,True,False,830.0,4,798,24,37,4,4,4,2,11,11,213,12,3.92,8,-1,-1"
"PATTY-BDC-DELTA-PLUS-CLAUSES,numeric/ipc-2023/sailing,instance_1_5_1229.pddl,True,False,1020.0,5,1148,27,43,5,5,5,2,12,12,280,15,4.07,10,-1,-1"
"PATTY-BDC-DELTA-PLUS-CLAUSES,numeric/ipc-2023/sailing,instance_1_6_1229.pddl,True,False,730.0,6,1798,30,49,6,6,6,2,13,13,394,18,4.18,12,-1,-1"
"PATTY-BDC-DELTA-PLUS-CLAUSES,numeric/ipc-2023/sailing,instance_1_7_1229.pddl,True,False,760.0,6,1346,33,55,6,6,7,2,14,14,208,19,4.27,12,-1,-1"
"PATTY-BDC-DELTA-PLUS-CLAUSES,numeric/ipc-2023/sailing,instance_2_10_1229.pddl,True,False,1220.0,5,1980,63,124,5,5,10,4,34,34,241,31,4.83,21,-1,-1"
"PATTY-BDC-DELTA-PLUS-CLAUSES,numeric/ipc-2023/sailing,instance_2_1_1229.pddl,True,False,740.0,1,174,27,34,1,1,1,4,16,16,88,3,3.06,2,-1,-1"
"PATTY-BDC-DELTA-PLUS-CLAUSES,numeric/ipc-2023/sailing,instance_2_2_1229.pddl,True,False,740.0,1,197,31,44,1,1,2,4,18,18,90,6,3.61,4,-1,-1"
"PATTY-BDC-DELTA-PLUS-CLAUSES,numeric/ipc-2023/sailing,instance_2_4_1229.pddl,True,False,820.0,2,630,39,64,2,2,4,4,22,22,156,12,4.2,8,-1,-1"
"PATTY-BDC-DELTA-PLUS-CLAUSES,numeric/ipc-2023/sailing,instance_2_7_1229.pddl,True,False,850.0,3,1875,51,94,3,3,7,4,28,28,466,21,4.62,14,-1,-1"
"PATTY-BDC-DELTA-PLUS-CLAUSES,numeric/ipc-2023/sailing,instance_2_8_1229.pddl,True,False,1260.0,4,2443,55,104,4,4,8,4,30,30,466,26,4.7,16,-1,-1"
"PATTY-BDC-DELTA-PLUS-CLAUSES,numeric/ipc-2023/sailing,instance_2_9_1229.pddl,True,False,1050.0,4,1602,59,114,4,4,9,4,32,32,140,27,4.77,17,-1,-1"
"PATTY-BDC-DELTA-PLUS-CLAUSES,numeric/ipc-2023/sailing,instance_3_4_1229.pddl,True,False,670.0,2,1200,54,91,2,2,4,6,33,33,371,16,4.32,11,-1,-1"
"PATTY-BDC-DELTA-PLUS-CLAUSES,numeric/ipc-2023/sailing,instance_3_5_1229.pddl,True,False,940.0,2,1238,59,105,2,2,5,6,36,36,183,17,4.5,12,-1,-1"
"PATTY-BDC-DELTA-PLUS-CLAUSES,numeric/ipc-2023/sailing,instance_3_6_1229.pddl,True,False,670.0,2,1075,64,119,2,2,6,6,39,39,180,18,4.65,12,-1,-1"
"PATTY-BDC-DELTA-PLUS-CLAUSES,numeric/ipc-2023/sailing,instance_4_10_1229.pddl,True,False,1450.0,3,5138,105,226,3,3,10,8,68,68,1016,37,5.08,27,-1,-1"
"PATTY-BDC-DELTA-PLUS-CLAUSES,numeric/ipc-2023/sailing,instance_4_2_1229.pddl,True,False,770.0,1,290,57,82,1,1,2,8,36,36,93,7,3.74,5,-1,-1"
"PATTY-BDC-DELTA-PLUS-CLAUSES,numeric/ipc-2023/sailing,instance_4_5_1229.pddl,True,False,1010.0,2,1623,75,136,2,2,5,8,48,48,286,21,4.57,16,-1,-1"
"PATTY-BDC-DELTA-PLUS-CLAUSES,numeric/ipc-2023/sailing,instance_4_6_1229.pddl,True,False,1090.0,2,2160,81,154,2,2,6,8,52,52,569,22,4.72,16,-1,-1"
"PATTY-BDC-DELTA-PLUS-CLAUSES,numeric/ipc-2023/sailing,instance_4_7_1229.pddl,True,False,1030.0,2,2368,87,172,2,2,7,8,56,56,293,25,4.84,18,-1,-1"
"PATTY-BDC-DELTA-PLUS-CLAUSES,numeric/ipc-2023/settlers-compiled,pfile1.pddl,False,False,1350.0,-1,0,-1,-1,-1,-1,110,84,630,-1,-1,-1,-1,-1,-1,-1"
"PATTY-BDC-DELTA-PLUS-CLAUSES,numeric/ipc-2023/settlers-compiled,pfile10.pddl,True,False,10910.0,1,2806,1867,3880,1,1,175,116,500,500,188,249,9.07,219,-1,-1"
"PATTY-BDC-DELTA-PLUS-CLAUSES,numeric/ipc-2023/settlers-compiled,pfile11.pddl,True,False,8270.0,1,2575,1903,3972,1,1,179,116,528,528,173,301,10.04,265,-1,-1"
"PATTY-BDC-DELTA-PLUS-CLAUSES,numeric/ipc-2023/settlers-compiled,pfile12.pddl,True,False,6870.0,1,3415,1924,4027,1,1,181,116,545,545,420,259,10.41,222,-1,-1"
"PATTY-BDC-DELTA-PLUS-CLAUSES,numeric/ipc-2023/settlers-compiled,pfile13.pddl,False,True,30000,-1,0,2317,4845,1,-1,212,131,622,622,-1,-1,10.2,-1,-1,-1"
"PATTY-BDC-DELTA-PLUS-CLAUSES,numeric/ipc-2023/settlers-compiled,pfile14.pddl,False,False,6920.0,-1,0,-1,-1,-1,-1,518,204,5202,-1,-1,-1,-1,-1,-1,-1"
"PATTY-BDC-DELTA-PLUS-CLAUSES,numeric/ipc-2023/settlers-compiled,pfile15.pddl,False,False,2990.0,-1,0,-1,-1,-1,-1,351,132,2318,-1,-1,-1,-1,-1,-1,-1"
"PATTY-BDC-DELTA-PLUS-CLAUSES,numeric/ipc-2023/settlers-compiled,pfile16.pddl,False,False,3940.0,-1,0,-1,-1,-1,-1,351,132,2318,-1,-1,-1,-1,-1,-1,-1"
"PATTY-BDC-DELTA-PLUS-CLAUSES,numeric/ipc-2023/settlers-compiled,pfile17.pddl,False,True,30000,-1,0,2785,5840,1,-1,249,146,734,734,-1,-1,10.68,-1,-1,-1"
"PATTY-BDC-DELTA-PLUS-CLAUSES,numeric/ipc-2023/settlers-compiled,pfile18.pddl,False,True,30000,-1,0,3656,7740,1,-1,320,169,997,997,-1,-1,12.19,-1,-1,-1"
"PATTY-BDC-DELTA-PLUS-CLAUSES,numeric/ipc-2023/settlers-compiled,pfile19.pddl,True,False,21730.0,1,7842,4495,9545,1,1,390,193,1228,1228,821,619,12.54,556,-1,-1"
"PATTY-BDC-DELTA-PLUS-CLAUSES,numeric/ipc-2023/settlers-compiled,pfile2.pddl,True,False,3660.0,1,1780,947,1922,1,1,96,78,248,248,236,130,7.2,110,-1,-1"
"PATTY-BDC-DELTA-PLUS-CLAUSES,numeric/ipc-2023/settlers-compiled,pfile20.pddl,False,True,30000,-1,0,4496,9548,1,-1,390,193,1229,1229,-1,-1,12.3,-1,-1,-1"
"PATTY-BDC-DELTA-PLUS-CLAUSES,numeric/ipc-2023/settlers-compiled,pfile3.pddl,True,False,2410.0,1,1143,968,1977,1,1,98,78,265,265,247,90,7.89,74,-1,-1"
"PATTY-BDC-DELTA-PLUS-CLAUSES,numeric/ipc-2023/settlers-compiled,pfile4.pddl,True,False,2270.0,1,702,952,1937,1,1,96,78,253,253,44,123,7.22,103,-1,-1"
"PATTY-BDC-DELTA-PLUS-CLAUSES,numeric/ipc-2023/settlers-compiled,pfile5.pddl,True,False,4770.0,1,1459,1144,2353,1,1,115,86,321,321,238,152,8.32,135,-1,-1"
"PATTY-BDC-DELTA-PLUS-CLAUSES,numeric/ipc-2023/settlers-compiled,pfile6.pddl,True,False,6780.0,1,899,1289,2651,1,1,126,93,346,346,89,113,8.61,100,-1,-1"
"PATTY-BDC-DELTA-PLUS-CLAUSES,numeric/ipc-2023/settlers-compiled,pfile7.pddl,False,False,1960.0,-1,0,-1,-1,-1,-1,218,108,1365,-1,-1,-1,-1,-1,-1,-1"
"PATTY-BDC-DELTA-PLUS-CLAUSES,numeric/ipc-2023/settlers-compiled,pfile8.pddl,True,False,8380.0,1,2654,1628,3355,1,1,154,108,417,417,361,211,8.63,186,-1,-1"
"PATTY-BDC-DELTA-PLUS-CLAUSES,numeric/ipc-2023/settlers-compiled,pfile9.pddl,True,False,5540.0,1,2963,1487,3077,1,1,144,101,408,408,215,232,8.67,195,-1,-1"
"PATTY-BDC-DELTA-PLUS-CLAUSES,numeric/ipc-2023/sugar,pfile01.pddl,True,False,3400.0,3,30,481,1386,3,3,28,38,174,348,1,30,15.58,0,-1,-1"
"PATTY-BDC-DELTA-PLUS-CLAUSES,numeric/ipc-2023/sugar,pfile02.pddl,True,False,3730.0,3,54,567,1643,3,3,37,44,202,404,7,36,14.45,5,-1,-1"
"PATTY-BDC-DELTA-PLUS-CLAUSES,numeric/ipc-2023/sugar,pfile03.pddl,False,True,30000,-1,0,563,1636,30,-1,37,43,201,402,-1,-1,14.46,-1,-1,-1"
"PATTY-BDC-DELTA-PLUS-CLAUSES,numeric/ipc-2023/sugar,pfile04.pddl,True,False,7580.0,4,56,649,1922,4,4,39,44,241,482,5,45,17.69,5,-1,-1"
"PATTY-BDC-DELTA-PLUS-CLAUSES,numeric/ipc-2023/sugar,pfile05.pddl,True,False,5420.0,4,81,649,1921,4,4,39,44,241,482,6,57,17.66,14,-1,-1"
"PATTY-BDC-DELTA-PLUS-CLAUSES,numeric/ipc-2023/sugar,pfile06.pddl,True,False,4160.0,2,37,649,1921,2,2,39,44,241,482,7,25,17.58,4,-1,-1"
"PATTY-BDC-DELTA-PLUS-CLAUSES,numeric/ipc-2023/sugar,pfile07.pddl,True,False,6340.0,4,36,649,1922,4,4,39,44,241,482,5,32,17.57,1,-1,-1"
"PATTY-BDC-DELTA-PLUS-CLAUSES,numeric/ipc-2023/sugar,pfile08.pddl,True,False,6070.0,3,52,649,1921,3,3,39,44,241,482,5,34,17.28,10,-1,-1"
"PATTY-BDC-DELTA-PLUS-CLAUSES,numeric/ipc-2023/sugar,pfile09.pddl,True,False,2710.0,2,41,649,1921,2,2,39,44,241,482,5,29,17.59,6,-1,-1"
"PATTY-BDC-DELTA-PLUS-CLAUSES,numeric/ipc-2023/sugar,pfile10.pddl,True,False,7310.0,3,88,649,1921,3,3,39,44,241,482,7,59,17.61,14,-1,-1"
"PATTY-BDC-DELTA-PLUS-CLAUSES,numeric/ipc-2023/sugar,pfile11.pddl,True,False,3910.0,3,34,652,1937,3,3,39,44,237,485,6,24,16.68,2,-1,-1"
"PATTY-BDC-DELTA-PLUS-CLAUSES,numeric/ipc-2023/sugar,pfile12.pddl,True,False,14490.0,7,61,944,2978,7,7,39,44,241,777,4,51,26.28,5,-1,-1"
"PATTY-BDC-DELTA-PLUS-CLAUSES,numeric/ipc-2023/sugar,pfile13.pddl,True,False,5770.0,3,69,649,1921,3,3,39,44,241,482,8,45,17.29,13,-1,-1"
"PATTY-BDC-DELTA-PLUS-CLAUSES,numeric/ipc-2023/sugar,pfile14.pddl,True,False,6410.0,3,59,649,1921,3,3,39,44,241,482,6,42,17.31,8,-1,-1"
"PATTY-BDC-DELTA-PLUS-CLAUSES,numeric/ipc-2023/sugar,pfile15.pddl,True,False,9710.0,5,94,649,1921,5,5,39,44,241,482,8,65,17.67,14,-1,-1"
"PATTY-BDC-DELTA-PLUS-CLAUSES,numeric/ipc-2023/sugar,pfile16.pddl,True,False,24250.0,5,81,931,2925,5,5,39,44,241,764,8,58,26.33,10,-1,-1"
"PATTY-BDC-DELTA-PLUS-CLAUSES,numeric/ipc-2023/sugar,pfile17.pddl,True,False,6330.0,3,36,649,1921,3,3,39,44,241,482,1,36,17.33,0,-1,-1"
"PATTY-BDC-DELTA-PLUS-CLAUSES,numeric/ipc-2023/sugar,pfile18.pddl,True,False,19810.0,6,68,932,2927,6,6,39,44,241,765,5,45,26.41,12,-1,-1"
"PATTY-BDC-DELTA-PLUS-CLAUSES,numeric/ipc-2023/sugar,pfile19.pddl,True,False,20840.0,5,80,928,2917,5,5,39,44,241,761,7,49,26.06,8,-1,-1"
"PATTY-BDC-DELTA-PLUS-CLAUSES,numeric/ipc-2023/sugar,pfile20.pddl,True,False,5700.0,3,68,649,1921,3,3,39,44,241,482,9,46,17.67,6,-1,-1"
"PATTY-BDC-DELTA-PLUS-CLAUSES,numeric/ipc-2023/tpp,p02.pddl,True,False,1020.0,2,8,97,262,2,2,6,10,50,50,1,8,4.71,0,-1,-1"
"PATTY-BDC-DELTA-PLUS-CLAUSES,numeric/ipc-2023/tpp,p04.pddl,True,False,1060.0,3,11,125,322,3,3,6,16,58,58,1,11,4.7,0,-1,-1"
"PATTY-BDC-DELTA-PLUS-CLAUSES,numeric/ipc-2023/tpp,p06.pddl,False,True,30000,-1,0,657,2022,9,-1,11,40,187,405,-1,-1,12.21,-1,-1,-1"
"PATTY-BDC-DELTA-PLUS-CLAUSES,numeric/ipc-2023/tpp,p07.pddl,False,True,30000,-1,0,705,2154,10,-1,11,44,193,427,-1,-1,12.25,-1,-1,-1"
"PATTY-BDC-DELTA-PLUS-CLAUSES,numeric/ipc-2023/tpp,p17.pddl,False,True,30000,-1,0,1630,4434,1,-1,21,203,811,811,-1,-1,10.58,-1,-1,-1"
"PATTY-BDC-DELTA-PLUS-CLAUSES,numeric/ipc-2023/tpp,p18.pddl,False,True,30000,-1,0,1686,4562,1,-1,21,213,829,829,-1,-1,10.54,-1,-1,-1"
"PATTY-BDC-DELTA-PLUS-CLAUSES,numeric/ipc-2023/tpp,p20.pddl,False,True,30000,-1,0,1810,4846,1,-1,21,235,869,869,-1,-1,10.5,-1,-1,-1"
"PATTY-BDC-DELTA-PLUS-CLAUSES,numeric/ipc-2023/tpp,p21.pddl,False,True,30000,-1,0,2531,6904,1,-1,26,315,1262,1262,-1,-1,12.62,-1,-1,-1"
"PATTY-BDC-DELTA-PLUS-CLAUSES,numeric/ipc-2023/tpp,p22.pddl,False,True,30000,-1,0,2605,7074,1,-1,26,328,1286,1286,-1,-1,12.54,-1,-1,-1"
"PATTY-BDC-DELTA-PLUS-CLAUSES,numeric/ipc-2023/tpp,p24.pddl,False,True,30000,-1,0,2729,7358,1,-1,26,350,1326,1326,-1,-1,12.41,-1,-1,-1"
"PATTY-BDC-DELTA-PLUS-CLAUSES,numeric/ipc-2023/tpp,p25.pddl,False,True,30000,-1,0,2791,7500,1,-1,26,361,1346,1346,-1,-1,12.46,-1,-1,-1"
"PATTY-BDC-DELTA-PLUS-CLAUSES,numeric/ipc-2023/tpp,p28.pddl,False,True,30000,-1,0,3764,10224,1,-1,31,476,1855,1855,-1,-1,14.45,-1,-1,-1"
"PATTY-BDC-DELTA-PLUS-CLAUSES,numeric/ipc-2023/tpp,p29.pddl,False,True,30000,-1,0,3874,10478,1,-1,31,495,1891,1891,-1,-1,14.29,-1,-1,-1"
"PATTY-BDC-DELTA-PLUS-CLAUSES,numeric/ipc-2023/tpp,p30.pddl,False,True,30000,-1,0,3942,10634,1,-1,31,507,1913,1913,-1,-1,14.27,-1,-1,-1"
"PATTY-BDC-DELTA-PLUS-CLAUSES,numeric/ipc-2023/tpp,p33.pddl,False,True,30000,-1,0,5073,13810,1,-1,36,640,2508,2508,-1,-1,16.28,-1,-1,-1"
"PATTY-BDC-DELTA-PLUS-CLAUSES,numeric/ipc-2023/tpp,p34.pddl,False,True,30000,-1,0,5171,14036,1,-1,36,657,2540,2540,-1,-1,16.18,-1,-1,-1"
"PATTY-BDC-DELTA-PLUS-CLAUSES,numeric/ipc-2023/tpp,p36.pddl,False,True,30000,-1,0,6230,17130,1,-1,41,769,3145,3145,-1,-1,18.37,-1,-1,-1"
"PATTY-BDC-DELTA-PLUS-CLAUSES,numeric/ipc-2023/tpp,p37.pddl,False,True,30000,-1,0,6322,17342,1,-1,41,785,3175,3175,-1,-1,18.4,-1,-1,-1"
"PATTY-BDC-DELTA-PLUS-CLAUSES,numeric/ipc-2023/tpp,p38.pddl,False,True,30000,-1,0,-1,-1,-1,-1,41,804,3211,-1,-1,-1,-1,-1,-1,-1"
"PATTY-BDC-DELTA-PLUS-CLAUSES,numeric/ipc-2023/tpp,p39.pddl,False,True,30000,-1,0,6572,17920,1,-1,41,828,3257,3257,-1,-1,18.26,-1,-1,-1"
"PATTY-BDC-DELTA-PLUS-CLAUSES,numeric/ipc-2023/zenotravel,pfile1.pddl,True,False,1030.0,2,9,75,191,2,2,15,3,37,37,1,9,6.34,0,-1,-1"
"PATTY-BDC-DELTA-PLUS-CLAUSES,numeric/ipc-2023/zenotravel,pfile10.pddl,True,False,4420.0,2,28,569,1759,2,2,79,7,393,393,1,28,14.25,0,-1,-1"
"PATTY-BDC-DELTA-PLUS-CLAUSES,numeric/ipc-2023/zenotravel,pfile11.pddl,True,False,3180.0,1,19,651,2075,1,1,81,7,471,471,1,19,17.54,0,-1,-1"
"PATTY-BDC-DELTA-PLUS-CLAUSES,numeric/ipc-2023/zenotravel,pfile12.pddl,True,False,20090.0,4,41,1244,4379,4,4,90,7,507,1039,1,41,30.54,0,-1,-1"
"PATTY-BDC-DELTA-PLUS-CLAUSES,numeric/ipc-2023/zenotravel,pfile13.pddl,True,False,19090.0,4,47,813,2561,4,4,108,7,579,579,1,47,17.92,0,-1,-1"
"PATTY-BDC-DELTA-PLUS-CLAUSES,numeric/ipc-2023/zenotravel,pfile15.pddl,False,True,30000,-1,0,3903,13655,1,-1,315,11,3245,3245,-1,-1,51.66,-1,-1,-1"
"PATTY-BDC-DELTA-PLUS-CLAUSES,numeric/ipc-2023/zenotravel,pfile16.pddl,False,True,30000,-1,0,4803,17015,1,-1,355,11,4065,4065,-1,-1,74.12,-1,-1,-1"
"PATTY-BDC-DELTA-PLUS-CLAUSES,numeric/ipc-2023/zenotravel,pfile17.pddl,False,True,30000,-1,0,-1,-1,-1,-1,500,11,5765,-1,-1,-1,-1,-1,-1,-1"
"PATTY-BDC-DELTA-PLUS-CLAUSES,numeric/ipc-2023/zenotravel,pfile18.pddl,False,True,30000,-1,0,-1,-1,-1,-1,550,11,6845,-1,-1,-1,-1,-1,-1,-1"
"PATTY-BDC-DELTA-PLUS-CLAUSES,numeric/ipc-2023/zenotravel,pfile19.pddl,False,True,30000,-1,0,-1,-1,-1,-1,725,11,9005,-1,-1,-1,-1,-1,-1,-1"
"PATTY-BDC-DELTA-PLUS-CLAUSES,numeric/ipc-2023/zenotravel,pfile2.pddl,True,False,1000.0,2,7,75,191,2,2,15,3,37,37,1,7,6.72,0,-1,-1"
"PATTY-BDC-DELTA-PLUS-CLAUSES,numeric/ipc-2023/zenotravel,pfile20.pddl,False,True,30000,-1,0,-1,-1,-1,-1,785,11,10345,-1,-1,-1,-1,-1,-1,-1"
"PATTY-BDC-DELTA-PLUS-CLAUSES,numeric/ipc-2023/zenotravel,pfile21.pddl,False,False,29300.0,-1,0,-1,-1,-1,-1,1025,11,13755,-1,-1,-1,-1,-1,-1,-1"
"PATTY-BDC-DELTA-PLUS-CLAUSES,numeric/ipc-2023/zenotravel,pfile22.pddl,False,True,30000,-1,0,-1,-1,-1,-1,1375,11,19505,-1,-1,-1,-1,-1,-1,-1"
"PATTY-BDC-DELTA-PLUS-CLAUSES,numeric/ipc-2023/zenotravel,pfile23.pddl,False,True,30000,-1,0,-1,-1,-1,-1,1775,1256,26255,-1,-1,-1,-1,-1,-1,-1"
"PATTY-BDC-DELTA-PLUS-CLAUSES,numeric/ipc-2023/zenotravel,pfile3.pddl,True,False,1080.0,1,8,151,417,1,1,26,5,86,86,1,8,6.91,0,-1,-1"
"PATTY-BDC-DELTA-PLUS-CLAUSES,numeric/ipc-2023/zenotravel,pfile4.pddl,True,False,1270.0,2,15,173,475,2,2,31,5,98,98,1,15,7.07,0,-1,-1"
"PATTY-BDC-DELTA-PLUS-CLAUSES,numeric/ipc-2023/zenotravel,pfile5.pddl,True,False,1200.0,1,14,207,605,1,1,32,5,130,130,1,14,9.63,0,-1,-1"
"PATTY-BDC-DELTA-PLUS-CLAUSES,numeric/ipc-2023/zenotravel,pfile6.pddl,True,False,1210.0,2,20,235,681,2,2,38,5,146,146,1,20,9.99,0,-1,-1"
"PATTY-BDC-DELTA-PLUS-CLAUSES,numeric/ipc-2023/zenotravel,pfile8.pddl,True,False,2090.0,1,17,477,1487,1,1,63,7,333,333,1,17,13.97,0,-1,-1"
"PATTY-BDC-DELTA-PLUS-CLAUSES,numeric/line-exchange,3_10_50_10.pddl,True,False,1380.0,5,88,127,358,5,5,5,8,16,80,10,34,5.93,20,-1,-1"
"PATTY-BDC-DELTA-PLUS-CLAUSES,numeric/line-exchange,3_10_90_50.pddl,True,False,860.0,3,179,87,230,3,3,5,8,16,48,27,21,4.29,12,-1,-1"
"PATTY-BDC-DELTA-PLUS-CLAUSES,numeric/line-exchange,3_15_25_100.pddl,True,False,2510.0,7,889,188,543,7,7,5,8,16,123,100,63,6.74,37,-1,-1"
"PATTY-BDC-DELTA-PLUS-CLAUSES,numeric/line-exchange,3_15_90_10.pddl,True,False,1460.0,5,123,128,359,5,5,5,8,16,81,20,41,5.85,26,-1,-1"
"PATTY-BDC-DELTA-PLUS-CLAUSES,numeric/line-exchange,3_5_50_50.pddl,True,False,1450.0,5,236,127,358,5,5,5,8,16,80,50,29,5.93,15,-1,-1"
"PATTY-BDC-DELTA-PLUS-CLAUSES,numeric/line-exchange,3_5_90_100.pddl,True,False,1460.0,5,548,127,358,5,5,5,8,16,80,100,38,5.93,20,-1,-1"
"PATTY-BDC-DELTA-PLUS-CLAUSES,numeric/line-exchange,4_10_25_10.pddl,False,True,30000,-1,0,95,238,185,-1,7,11,23,46,-1,-1,3.5,-1,-1,-1"
"PATTY-BDC-DELTA-PLUS-CLAUSES,numeric/line-exchange,4_10_50_50.pddl,False,True,30000,-1,0,124,331,71,-1,7,11,23,69,-1,-1,4.36,-1,-1,-1"
"PATTY-BDC-DELTA-PLUS-CLAUSES,numeric/line-exchange,4_10_90_100.pddl,True,False,1310.0,3,538,124,331,3,3,7,11,23,69,100,25,4.36,14,-1,-1"
"PATTY-BDC-DELTA-PLUS-CLAUSES,numeric/line-exchange,4_15_50_10.pddl,False,True,30000,-1,0,124,331,85,-1,7,11,23,69,-1,-1,4.36,-1,-1,-1"
"PATTY-BDC-DELTA-PLUS-CLAUSES,numeric/line-exchange,4_15_90_50.pddl,True,False,2870.0,6,673,211,606,6,6,7,11,23,139,50,54,6.83,35,-1,-1"
"PATTY-BDC-DELTA-PLUS-CLAUSES,numeric/line-exchange,4_5_25_50.pddl,True,False,1080.0,3,276,124,331,3,3,7,11,23,69,50,26,4.36,12,-1,-1"
"PATTY-BDC-DELTA-PLUS-CLAUSES,numeric/line-exchange,4_5_50_100.pddl,False,True,30000,-1,0,124,331,66,-1,7,11,23,69,-1,-1,4.36,-1,-1,-1"
"PATTY-BDC-DELTA-PLUS-CLAUSES,numeric/line-exchange,5_10_25_50.pddl,True,False,5690.0,6,724,277,800,6,6,9,14,30,182,50,85,6.92,49,-1,-1"
"PATTY-BDC-DELTA-PLUS-CLAUSES,numeric/line-exchange,5_10_50_100.pddl,False,True,30000,-1,0,161,432,51,-1,9,14,30,90,-1,-1,4.4,-1,-1,-1"
"PATTY-BDC-DELTA-PLUS-CLAUSES,numeric/line-exchange,5_15_25_10.pddl,True,False,7420.0,8,410,317,916,8,8,9,14,30,212,28,117,7.29,77,-1,-1"
"PATTY-BDC-DELTA-PLUS-CLAUSES,numeric/line-exchange,5_15_50_50.pddl,False,True,30000,-1,0,161,432,63,-1,9,14,30,90,-1,-1,4.4,-1,-1,-1"
"PATTY-BDC-DELTA-PLUS-CLAUSES,numeric/line-exchange,5_15_90_100.pddl,False,True,30000,-1,0,161,432,40,-1,9,14,30,90,-1,-1,4.4,-1,-1,-1"
"PATTY-BDC-DELTA-PLUS-CLAUSES,numeric/line-exchange,5_5_25_100.pddl,False,True,30000,-1,0,161,432,47,-1,9,14,30,90,-1,-1,4.4,-1,-1,-1"
"PATTY-BDC-DELTA-PLUS-CLAUSES,numeric/line-exchange,5_5_90_10.pddl,True,False,5370.0,6,266,302,869,6,6,9,14,30,197,10,106,6.59,61,-1,-1"
"PATTY-EF,numeric/ipc-2023/block-grouping,instance_100_20_5_1.pddl,True,False,1260.0,1,4436,160,401,1,1,0,40,80,80,99,80,2.0,76,-1,-1"
"PATTY-EF,numeric/ipc-2023/block-grouping,instance_100_25_6_2.pddl,True,False,1800.0,1,2230,200,501,1,1,0,50,100,100,96,98,2.0,94,-1,-1"
"PATTY-EF,numeric/ipc-2023/block-grouping,instance_11_10_2_3.pddl,True,False,980.0,1,118,80,201,1,1,0,20,40,40,9,36,1.99,36,-1,-1"
"PATTY-EF,numeric/ipc-2023/block-grouping,instance_11_30_7_2.pddl,True,False,2009.9999999999998,1,425,240,601,1,1,0,60,120,120,10,113,2.0,102,-1,-1"
"PATTY-EF,numeric/ipc-2023/block-grouping,instance_11_35_8_3.pddl,True,False,2850.0,1,434,280,701,1,1,0,70,140,140,10,128,2.0,100,-1,-1"
"PATTY-EF,numeric/ipc-2023/block-grouping,instance_11_40_10_1.pddl,True,False,3950.0,1,441,320,801,1,1,0,80,160,160,10,124,2.0,99,-1,-1"
"PATTY-EF,numeric/ipc-2023/block-grouping,instance_15_10_2_3.pddl,True,False,960.0,1,215,80,201,1,1,0,20,40,40,14,40,1.99,34,-1,-1"
"PATTY-EF,numeric/ipc-2023/block-grouping,instance_15_25_6_3.pddl,True,False,1800.0,1,454,200,501,1,1,0,50,100,100,14,92,2.0,87,-1,-1"
"PATTY-EF,numeric/ipc-2023/block-grouping,instance_20_10_2_1.pddl,True,False,980.0,1,240,80,201,1,1,0,20,40,40,19,40,1.99,40,-1,-1"
"PATTY-EF,numeric/ipc-2023/block-grouping,instance_20_10_2_3.pddl,True,False,1080.0,1,220,80,201,1,1,0,20,40,40,19,33,1.99,28,-1,-1"
"PATTY-EF,numeric/ipc-2023/block-grouping,instance_20_15_3_2.pddl,True,False,1160.0,1,281,120,301,1,1,0,30,60,60,16,60,1.99,53,-1,-1"
"PATTY-EF,numeric/ipc-2023/block-grouping,instance_20_30_7_2.pddl,True,False,3130.0,1,665,240,601,1,1,0,60,120,120,19,109,2.0,99,-1,-1"
"PATTY-EF,numeric/ipc-2023/block-grouping,instance_20_40_10_2.pddl,True,False,3220.0,1,945,320,801,1,1,0,80,160,160,19,150,2.0,141,-1,-1"
"PATTY-EF,numeric/ipc-2023/block-grouping,instance_20_5_2_1.pddl,True,False,1050.0,1,77,40,101,1,1,0,10,20,20,15,19,1.98,18,-1,-1"
"PATTY-EF,numeric/ipc-2023/block-grouping,instance_20_5_2_2.pddl,True,False,750.0,1,83,40,101,1,1,0,10,20,20,12,20,1.98,15,-1,-1"
"PATTY-EF,numeric/ipc-2023/block-grouping,instance_25_15_3_1.pddl,True,False,1200.0,1,351,120,301,1,1,0,30,60,60,24,60,1.99,56,-1,-1"
"PATTY-EF,numeric/ipc-2023/block-grouping,instance_25_35_8_1.pddl,True,False,2320.0,1,953,280,701,1,1,0,70,140,140,23,137,2.0,109,-1,-1"
"PATTY-EF,numeric/ipc-2023/block-grouping,instance_25_40_10_3.pddl,True,False,3810.0,1,1109,320,801,1,1,0,80,160,160,24,153,2.0,140,-1,-1"
"PATTY-EF,numeric/ipc-2023/block-grouping,instance_5_25_6_1.pddl,True,False,3080.0,1,153,200,501,1,1,0,50,100,100,4,76,2.0,45,-1,-1"
"PATTY-EF,numeric/ipc-2023/block-grouping,instance_7_10_2_1.pddl,True,False,950.0,1,79,80,201,1,1,0,20,40,40,6,35,1.99,21,-1,-1"
"PATTY-EF,numeric/ipc-2023/counters,fz_instance_12.pddl,True,False,800.0,1,68,48,121,1,1,0,12,24,24,11,12,1.98,11,-1,-1"
"PATTY-EF,numeric/ipc-2023/counters,fz_instance_4.pddl,True,False,900.0,1,8,16,41,1,1,0,4,8,8,3,4,1.95,2,-1,-1"
"PATTY-EF,numeric/ipc-2023/counters,fz_instance_40.pddl,True,False,800.0,1,784,160,401,1,1,0,40,80,80,40,41,2.0,38,-1,-1"
"PATTY-EF,numeric/ipc-2023/counters,inv_instance_12.pddl,True,False,620.0,1,170,48,121,1,1,0,12,24,24,20,23,1.98,19,-1,-1"
"PATTY-EF,numeric/ipc-2023/counters,inv_instance_16.pddl,True,False,870.0,1,286,64,161,1,1,0,16,32,32,30,31,1.99,26,-1,-1"
"PATTY-EF,numeric/ipc-2023/counters,inv_instance_36.pddl,True,False,1150.0,1,1451,144,361,1,1,0,36,72,72,72,72,1.99,59,-1,-1"
"PATTY-EF,numeric/ipc-2023/counters,inv_instance_4.pddl,True,False,790.0,1,22,16,41,1,1,0,4,8,8,6,7,1.95,6,-1,-1"
"PATTY-EF,numeric/ipc-2023/counters,rnd_instance_12_3.pddl,True,False,680.0,1,114,48,121,1,1,0,12,24,24,15,17,1.98,14,-1,-1"
"PATTY-EF,numeric/ipc-2023/counters,rnd_instance_20_1.pddl,True,False,940.0,1,359,80,201,1,1,0,20,40,40,38,40,1.99,26,-1,-1"
"PATTY-EF,numeric/ipc-2023/counters,rnd_instance_24_1.pddl,True,False,900.0,1,363,96,241,1,1,0,24,48,48,40,40,1.99,27,-1,-1"
"PATTY-EF,numeric/ipc-2023/counters,rnd_instance_28_1.pddl,True,False,1000.0,1,507,112,281,1,1,0,28,56,56,42,56,1.99,45,-1,-1"
"PATTY-EF,numeric/ipc-2023/counters,rnd_instance_32_1.pddl,True,False,1050.0,1,871,128,321,1,1,0,32,64,64,64,64,1.99,54,-1,-1"
"PATTY-EF,numeric/ipc-2023/counters,rnd_instance_32_2.pddl,True,False,980.0,1,823,128,321,1,1,0,32,64,64,60,63,1.99,55,-1,-1"
"PATTY-EF,numeric/ipc-2023/counters,rnd_instance_36_2.pddl,True,False,790.0,1,692,144,361,1,1,0,36,72,72,55,72,1.99,54,-1,-1"
"PATTY-EF,numeric/ipc-2023/counters,rnd_instance_40_1.pddl,True,False,1140.0,1,1025,160,401,1,1,0,40,80,80,66,80,2.0,69,-1,-1"
"PATTY-EF,numeric/ipc-2023/counters,rnd_instance_40_2.pddl,True,False,1130.0,1,1226,160,401,1,1,0,40,80,80,67,80,2.0,61,-1,-1"
"PATTY-EF,numeric/ipc-2023/counters,rnd_instance_40_3.pddl,True,False,840.0,1,1291,160,401,1,1,0,40,80,80,70,80,2.0,53,-1,-1"
"PATTY-EF,numeric/ipc-2023/counters,rnd_instance_4_1.pddl,True,False,740.0,1,22,16,41,1,1,0,4,8,8,7,8,1.95,5,-1,-1"
"PATTY-EF,numeric/ipc-2023/counters,rnd_instance_8_2.pddl,True,False,1010.0,1,46,32,81,1,1,0,8,16,16,12,8,1.98,7,-1,-1"
"PATTY-EF,numeric/ipc-2023/counters,rnd_instance_8_3.pddl,True,False,900.0,1,45,32,81,1,1,0,8,16,16,13,10,1.98,9,-1,-1"
"PATTY-EF,numeric/ipc-2023/delivery,prob01.pddl,True,False,1230.0,1,11,234,646,1,1,46,3,136,136,1,11,10.4,0,-1,-1"
"PATTY-EF,numeric/ipc-2023/delivery,prob02.pddl,True,False,2230.0,2,22,344,978,2,2,64,3,200,210,1,22,14.33,0,-1,-1"
"PATTY-EF,numeric/ipc-2023/delivery,prob03.pddl,True,False,3100.0,2,24,445,1274,2,2,82,3,264,275,1,24,17.82,0,-1,-1"
"PATTY-EF,numeric/ipc-2023/delivery,prob04.pddl,True,False,15010.0,3,33,790,2354,3,3,132,3,492,520,1,33,31.66,0,-1,-1"
"PATTY-EF,numeric/ipc-2023/delivery,prob05.pddl,True,False,5810.0,3,38,660,1918,3,3,118,3,392,418,1,38,24.98,0,-1,-1"
"PATTY-EF,numeric/ipc-2023/delivery,prob06.pddl,False,True,30000,-1,0,1514,5130,6,-1,152,3,576,1204,-1,-1,69.44,-1,-1,-1"
"PATTY-EF,numeric/ipc-2023/delivery,prob07.pddl,False,True,30000,-1,0,1063,3206,5,-1,172,3,656,713,-1,-1,42.82,-1,-1,-1"
"PATTY-EF,numeric/ipc-2023/delivery,prob08.pddl,False,True,30000,-1,0,1153,3446,3,-1,192,3,736,763,-1,-1,46.25,-1,-1,-1"
"PATTY-EF,numeric/ipc-2023/delivery,prob09.pddl,False,True,30000,-1,0,1454,4398,1,-1,234,3,980,980,-1,-1,60.31,-1,-1,-1"
"PATTY-EF,numeric/ipc-2023/delivery,prob10.pddl,False,True,30000,-1,0,2280,7127,1,-1,329,4,1614,1614,-1,-1,67.45,-1,-1,-1"
"PATTY-EF,numeric/ipc-2023/delivery,prob11.pddl,False,True,30000,-1,0,1706,5171,1,-1,274,2,1154,1154,-1,-1,73.24,-1,-1,-1"
"PATTY-EF,numeric/ipc-2023/delivery,prob12.pddl,False,True,30000,-1,0,2665,8331,1,-1,385,4,1887,1887,-1,-1,76.36,-1,-1,-1"
"PATTY-EF,numeric/ipc-2023/delivery,prob13.pddl,False,True,30000,-1,0,2865,8963,1,-1,413,4,2031,2031,-1,-1,81.76,-1,-1,-1"
"PATTY-EF,numeric/ipc-2023/delivery,prob14.pddl,False,True,30000,-1,0,-1,-1,-1,-1,474,4,2541,-1,-1,-1,-1,-1,-1,-1"
"PATTY-EF,numeric/ipc-2023/delivery,prob15.pddl,False,True,30000,-1,0,-1,-1,-1,-1,504,4,2709,-1,-1,-1,-1,-1,-1,-1"
"PATTY-EF,numeric/ipc-2023/delivery,prob16.pddl,False,True,30000,-1,0,-1,-1,-1,-1,639,4,4305,-1,-1,-1,-1,-1,-1,-1"
"PATTY-EF,numeric/ipc-2023/delivery,prob17.pddl,False,True,30000,-1,0,-1,-1,-1,-1,675,4,4557,-1,-1,-1,-1,-1,-1,-1"
"PATTY-EF,numeric/ipc-2023/delivery,prob18.pddl,False,True,30000,-1,0,-1,-1,-1,-1,711,4,4809,-1,-1,-1,-1,-1,-1,-1"
"PATTY-EF,numeric/ipc-2023/delivery,prob19.pddl,False,True,30000,-1,0,-1,-1,-1,-1,747,4,5061,-1,-1,-1,-1,-1,-1,-1"
"PATTY-EF,numeric/ipc-2023/delivery,prob20.pddl,False,True,30000,-1,0,-1,-1,-1,-1,783,4,5313,-1,-1,-1,-1,-1,-1,-1"
"PATTY-EF,numeric/ipc-2023/drone,problem_10_10_3.pddl,False,True,30000,-1,0,916,1541,1,-1,300,4,307,307,-1,-1,63.93,-1,-1,-1"
"PATTY-EF,numeric/ipc-2023/drone,problem_1_1_2.pddl,True,False,780.0,3,9,33,84,3,3,2,4,9,19,2,8,5.05,1,-1,-1"
"PATTY-EF,numeric/ipc-2023/drone,problem_1_1_4.pddl,True,False,1130.0,7,13,50,127,7,7,4,4,11,32,3,10,7.35,2,-1,-1"
"PATTY-EF,numeric/ipc-2023/drone,problem_1_8_1.pddl,True,False,1810.0,15,43,78,195,15,15,8,4,15,51,7,20,10.1,11,-1,-1"
"PATTY-EF,numeric/ipc-2023/drone,problem_1_9_3.pddl,True,False,14920.0,53,192,231,578,53,53,27,4,34,161,8,96,27.72,48,-1,-1"
"PATTY-EF,numeric/ipc-2023/drone,problem_2_5_4.pddl,False,True,30000,-1,0,315,778,63,-1,40,4,47,217,-1,-1,36.23,-1,-1,-1"
"PATTY-EF,numeric/ipc-2023/drone,problem_2_8_3.pddl,False,True,30000,-1,0,324,773,53,-1,48,4,55,212,-1,-1,36.7,-1,-1,-1"
"PATTY-EF,numeric/ipc-2023/drone,problem_2_9_1.pddl,True,False,6380.0,35,124,159,398,35,35,18,4,25,109,8,62,19.12,30,-1,-1"
"PATTY-EF,numeric/ipc-2023/drone,problem_3_3_4.pddl,True,False,24730.0,71,272,347,890,71,71,36,4,43,253,5,171,41.06,77,-1,-1"
"PATTY-EF,numeric/ipc-2023/drone,problem_4_2_5.pddl,False,True,30000,-1,0,268,637,64,-1,40,4,47,171,-1,-1,27.85,-1,-1,-1"
"PATTY-EF,numeric/ipc-2023/drone,problem_4_9_5.pddl,False,True,30000,-1,0,566,971,4,-1,180,4,187,197,-1,-1,41.93,-1,-1,-1"
"PATTY-EF,numeric/ipc-2023/drone,problem_5_10_1.pddl,False,True,30000,-1,0,324,765,49,-1,50,4,57,208,-1,-1,35.46,-1,-1,-1"
"PATTY-EF,numeric/ipc-2023/drone,problem_5_2_2.pddl,True,False,9190.0,40,119,182,459,40,40,20,4,27,127,9,76,21.6,24,-1,-1"
"PATTY-EF,numeric/ipc-2023/drone,problem_6_8_1.pddl,False,True,30000,-1,0,282,647,54,-1,48,4,55,169,-1,-1,29.74,-1,-1,-1"
"PATTY-EF,numeric/ipc-2023/drone,problem_7_6_4.pddl,False,True,30000,-1,0,708,1445,5,-1,168,4,175,362,-1,-1,51.59,-1,-1,-1"
"PATTY-EF,numeric/ipc-2023/drone,problem_8_1_2.pddl,True,False,5260.0,31,110,148,373,31,31,16,4,23,102,7,55,18.13,27,-1,-1"
"PATTY-EF,numeric/ipc-2023/drone,problem_8_1_4.pddl,True,False,17040.0,63,274,280,705,63,63,32,4,39,197,7,123,32.64,71,-1,-1"
"PATTY-EF,numeric/ipc-2023/drone,problem_8_1_5.pddl,False,True,30000,-1,0,280,673,66,-1,40,4,47,181,-1,-1,30.43,-1,-1,-1"
"PATTY-EF,numeric/ipc-2023/drone,problem_8_7_1.pddl,False,True,30000,-1,0,354,831,45,-1,56,4,63,223,-1,-1,37.52,-1,-1,-1"
"PATTY-EF,numeric/ipc-2023/drone,problem_9_7_3.pddl,False,True,30000,-1,0,789,1604,4,-1,189,4,196,401,-1,-1,56.43,-1,-1,-1"
"PATTY-EF,numeric/ipc-2023/expedition,pfile1.pddl,True,False,2470.0,3,42,340,1003,3,3,24,14,88,264,4,25,37.79,9,-1,-1"
"PATTY-EF,numeric/ipc-2023/expedition,pfile10.pddl,False,True,30000,-1,0,1468,4715,6,-1,56,30,216,1296,-1,-1,181.64,-1,-1,-1"
"PATTY-EF,numeric/ipc-2023/expedition,pfile11.pddl,True,False,1820.0,5,38,185,552,5,5,12,8,44,145,4,24,22.12,8,-1,-1"
"PATTY-EF,numeric/ipc-2023/expedition,pfile12.pddl,False,True,30000,-1,0,674,2132,5,-1,30,17,116,580,-1,-1,82.32,-1,-1,-1"
"PATTY-EF,numeric/ipc-2023/expedition,pfile13.pddl,False,True,30000,-1,0,319,1003,7,-1,14,9,52,273,-1,-1,40.58,-1,-1,-1"
"PATTY-EF,numeric/ipc-2023/expedition,pfile14.pddl,False,True,30000,-1,0,317,982,8,-1,16,10,60,265,-1,-1,39.07,-1,-1,-1"
"PATTY-EF,numeric/ipc-2023/expedition,pfile15.pddl,False,True,30000,-1,0,398,1250,5,-1,18,11,68,340,-1,-1,49.68,-1,-1,-1"
"PATTY-EF,numeric/ipc-2023/expedition,pfile16.pddl,False,True,30000,-1,0,444,1397,5,-1,20,12,76,380,-1,-1,55.12,-1,-1,-1"
"PATTY-EF,numeric/ipc-2023/expedition,pfile17.pddl,False,True,30000,-1,0,490,1544,5,-1,22,13,84,420,-1,-1,60.56,-1,-1,-1"
"PATTY-EF,numeric/ipc-2023/expedition,pfile18.pddl,False,True,30000,-1,0,536,1691,5,-1,24,14,92,460,-1,-1,66.0,-1,-1,-1"
"PATTY-EF,numeric/ipc-2023/expedition,pfile19.pddl,False,True,30000,-1,0,582,1838,5,-1,26,15,100,500,-1,-1,71.44,-1,-1,-1"
"PATTY-EF,numeric/ipc-2023/expedition,pfile2.pddl,False,True,30000,-1,0,1576,5065,6,-1,60,32,232,1392,-1,-1,194.8,-1,-1,-1"
"PATTY-EF,numeric/ipc-2023/expedition,pfile20.pddl,False,True,30000,-1,0,628,1985,5,-1,28,16,108,540,-1,-1,76.88,-1,-1,-1"
"PATTY-EF,numeric/ipc-2023/expedition,pfile3.pddl,True,False,15780.0,6,78,712,2265,6,6,28,16,104,624,4,42,89.52,16,-1,-1"
"PATTY-EF,numeric/ipc-2023/expedition,pfile4.pddl,False,True,30000,-1,0,1060,3447,8,-1,32,18,120,960,-1,-1,137.56,-1,-1,-1"
"PATTY-EF,numeric/ipc-2023/expedition,pfile5.pddl,False,True,30000,-1,0,1064,3437,7,-1,36,20,136,952,-1,-1,135.55,-1,-1,-1"
"PATTY-EF,numeric/ipc-2023/expedition,pfile6.pddl,False,True,30000,-1,0,1340,4371,8,-1,40,22,152,1216,-1,-1,173.0,-1,-1,-1"
"PATTY-EF,numeric/ipc-2023/expedition,pfile7.pddl,False,True,30000,-1,0,1144,3665,6,-1,44,24,168,1008,-1,-1,142.15,-1,-1,-1"
"PATTY-EF,numeric/ipc-2023/expedition,pfile8.pddl,False,True,30000,-1,0,1252,4015,6,-1,48,26,184,1104,-1,-1,155.31,-1,-1,-1"
"PATTY-EF,numeric/ipc-2023/expedition,pfile9.pddl,False,True,30000,-1,0,1360,4365,6,-1,52,28,200,1200,-1,-1,168.47,-1,-1,-1"
"PATTY-EF,numeric/ipc-2023/ext-plant-watering,instance_10_11_2_1.pddl,True,False,5940.0,14,442,248,692,14,14,0,20,40,208,9,132,28.24,111,-1,-1"
"PATTY-EF,numeric/ipc-2023/ext-plant-watering,instance_10_17_2_1.pddl,True,False,21580.0,27,913,406,1148,27,27,0,26,52,354,9,260,47.64,238,-1,-1"
"PATTY-EF,numeric/ipc-2023/ext-plant-watering,instance_10_5_2_1.pddl,True,False,2390.0,8,247,154,428,8,8,0,14,28,126,9,90,18.14,74,-1,-1"
"PATTY-EF,numeric/ipc-2023/ext-plant-watering,instance_10_7_2_1.pddl,True,False,3460.0,11,474,199,557,11,11,0,16,32,167,9,135,22.96,123,-1,-1"
"PATTY-EF,numeric/ipc-2023/ext-plant-watering,instance_11_17_2_1.pddl,True,False,14970.0,22,863,373,1049,22,22,0,26,52,321,10,247,42.87,229,-1,-1"
"PATTY-EF,numeric/ipc-2023/ext-plant-watering,instance_11_5_2_1.pddl,True,False,1930.0,8,222,131,359,8,8,0,14,28,103,10,63,14.4,46,-1,-1"
"PATTY-EF,numeric/ipc-2023/ext-plant-watering,instance_12_15_2_1.pddl,True,False,7480.0,18,637,311,869,18,18,0,24,48,263,11,181,35.35,167,-1,-1"
"PATTY-EF,numeric/ipc-2023/ext-plant-watering,instance_12_17_2_1.pddl,True,False,16239.999999999998,23,890,390,1100,23,23,0,26,52,338,11,260,45.11,234,-1,-1"
"PATTY-EF,numeric/ipc-2023/ext-plant-watering,instance_12_19_2_1.pddl,True,False,21520.0,26,1053,411,1157,26,26,0,28,56,355,11,269,47.75,252,-1,-1"
"PATTY-EF,numeric/ipc-2023/ext-plant-watering,instance_12_7_2_1.pddl,True,False,2040.0,9,434,173,479,9,9,0,16,32,141,11,106,19.54,98,-1,-1"
"PATTY-EF,numeric/ipc-2023/ext-plant-watering,instance_13_13_2_1.pddl,True,False,7260.0,18,765,266,740,18,18,0,22,44,222,12,194,29.18,176,-1,-1"
"PATTY-EF,numeric/ipc-2023/ext-plant-watering,instance_13_15_2_1.pddl,True,False,11730.0,21,849,339,953,21,21,0,24,48,291,12,218,39.43,201,-1,-1"
"PATTY-EF,numeric/ipc-2023/ext-plant-watering,instance_13_9_2_1.pddl,True,False,3730.0,11,515,188,518,11,11,0,18,36,152,12,131,20.77,117,-1,-1"
"PATTY-EF,numeric/ipc-2023/ext-plant-watering,instance_14_13_2_1.pddl,True,False,7900.0,18,785,326,920,18,18,0,22,44,282,13,217,38.13,200,-1,-1"
"PATTY-EF,numeric/ipc-2023/ext-plant-watering,instance_14_17_2_1.pddl,True,False,9330.0,20,960,305,845,20,20,0,26,52,253,13,209,32.52,192,-1,-1"
"PATTY-EF,numeric/ipc-2023/ext-plant-watering,instance_14_19_2_1.pddl,True,False,17750.0,28,1147,433,1223,28,28,0,28,56,377,13,284,49.5,263,-1,-1"
"PATTY-EF,numeric/ipc-2023/ext-plant-watering,instance_15_15_2_1.pddl,True,False,13540.0,24,861,325,911,24,24,0,24,48,277,14,187,36.77,180,-1,-1"
"PATTY-EF,numeric/ipc-2023/ext-plant-watering,instance_15_17_2_1.pddl,True,False,18490.0,25,1005,397,1121,25,25,0,26,52,345,14,265,45.67,249,-1,-1"
"PATTY-EF,numeric/ipc-2023/ext-plant-watering,instance_15_19_2_1.pddl,True,False,20860.0,29,988,359,1001,29,29,0,28,56,303,14,194,40.92,177,-1,-1"
"PATTY-EF,numeric/ipc-2023/ext-plant-watering,instance_15_7_2_1.pddl,True,False,2650.0,10,437,200,560,10,10,0,16,32,168,12,119,23.21,109,-1,-1"
"PATTY-EF,numeric/ipc-2023/farmland,instance_10_500_1229.pddl,True,False,1050.0,1,966,74,190,1,1,0,11,52,52,380,33,4.97,28,-1,-1"
"PATTY-EF,numeric/ipc-2023/farmland,instance_10_700_1229.pddl,True,False,1290.0,1,1331,74,190,1,1,0,11,52,52,549,35,4.97,35,-1,-1"
"PATTY-EF,numeric/ipc-2023/farmland,instance_2_300_1229.pddl,True,False,790.0,1,221,10,22,1,1,0,3,4,4,195,2,2.55,2,-1,-1"
"PATTY-EF,numeric/ipc-2023/farmland,instance_2_600_1229.pddl,True,False,740.0,1,440,10,22,1,1,0,3,4,4,387,2,2.55,2,-1,-1"
"PATTY-EF,numeric/ipc-2023/farmland,instance_2_700_1229.pddl,True,False,810.0,1,513,10,22,1,1,0,3,4,4,451,2,2.55,2,-1,-1"
"PATTY-EF,numeric/ipc-2023/farmland,instance_4_200_1229.pddl,True,False,620.0,1,197,26,64,1,1,0,5,16,16,164,10,4.0,10,-1,-1"
"PATTY-EF,numeric/ipc-2023/farmland,instance_4_300_1229.pddl,True,False,640.0,1,269,26,64,1,1,0,5,16,16,228,10,4.0,10,-1,-1"
"PATTY-EF,numeric/ipc-2023/farmland,instance_4_400_1229.pddl,True,False,840.0,1,346,26,64,1,1,0,5,16,16,296,10,4.0,10,-1,-1"
"PATTY-EF,numeric/ipc-2023/farmland,instance_4_600_1229.pddl,True,False,830.0,1,492,26,64,1,1,0,5,16,16,424,10,4.0,10,-1,-1"
"PATTY-EF,numeric/ipc-2023/farmland,instance_4_700_1229.pddl,True,False,890.0,1,565,26,64,1,1,0,5,16,16,488,10,4.0,10,-1,-1"
"PATTY-EF,numeric/ipc-2023/farmland,instance_4_800_1229.pddl,True,False,830.0,1,638,26,64,1,1,0,5,16,16,552,10,4.0,10,-1,-1"
"PATTY-EF,numeric/ipc-2023/farmland,instance_6_100_1229.pddl,True,False,1020.0,1,243,42,106,1,1,0,7,28,28,84,17,4.62,14,-1,-1"
"PATTY-EF,numeric/ipc-2023/farmland,instance_6_200_1229.pddl,True,False,890.0,1,532,42,106,1,1,0,7,28,28,157,20,4.62,18,-1,-1"
"PATTY-EF,numeric/ipc-2023/farmland,instance_6_400_1229.pddl,True,False,760.0,1,930,42,106,1,1,0,7,28,28,351,21,4.62,20,-1,-1"
"PATTY-EF,numeric/ipc-2023/farmland,instance_6_500_1229.pddl,True,False,1000.0,1,1423,42,106,1,1,0,7,28,28,454,21,4.62,20,-1,-1"
"PATTY-EF,numeric/ipc-2023/farmland,instance_6_600_1229.pddl,True,False,990.0,1,1495,42,106,1,1,0,7,28,28,480,21,4.62,20,-1,-1"
"PATTY-EF,numeric/ipc-2023/farmland,instance_6_900_1229.pddl,True,False,940.0,1,2440,42,106,1,1,0,7,28,28,610,21,4.62,20,-1,-1"
"PATTY-EF,numeric/ipc-2023/farmland,instance_8_200_1229.pddl,True,False,830.0,1,526,58,148,1,1,0,9,40,40,167,29,4.78,27,-1,-1"
"PATTY-EF,numeric/ipc-2023/farmland,instance_8_400_1229.pddl,True,False,980.0,1,426,58,148,1,1,0,9,40,40,314,23,4.78,20,-1,-1"
"PATTY-EF,numeric/ipc-2023/farmland,instance_8_700_1229.pddl,True,False,1050.0,1,716,58,148,1,1,0,9,40,40,574,28,4.78,26,-1,-1"
"PATTY-EF,numeric/ipc-2023/fo-farmland,instance_10_100_1229.pddl,True,False,5200.0,1,139,77,186,1,1,0,12,53,53,54,18,6.12,10,-1,-1"
"PATTY-EF,numeric/ipc-2023/fo-farmland,instance_10_200_1229.pddl,True,False,3900.0,1,392,77,186,1,1,0,12,53,53,71,30,6.12,18,-1,-1"
"PATTY-EF,numeric/ipc-2023/fo-farmland,instance_10_400_1229.pddl,True,False,5940.0,1,904,77,186,1,1,0,12,53,53,378,29,6.12,24,-1,-1"
"PATTY-EF,numeric/ipc-2023/fo-farmland,instance_2_200_1229.pddl,True,False,850.0,1,145,13,26,1,1,0,4,5,5,114,3,2.88,3,-1,-1"
"PATTY-EF,numeric/ipc-2023/fo-farmland,instance_2_400_1229.pddl,True,False,930.0,1,289,13,26,1,1,0,4,5,5,229,3,2.88,3,-1,-1"
"PATTY-EF,numeric/ipc-2023/fo-farmland,instance_4_1000_1229.pddl,True,False,950.0,1,1255,29,66,1,1,0,6,17,17,993,9,4.8,7,-1,-1"
"PATTY-EF,numeric/ipc-2023/fo-farmland,instance_4_300_1229.pddl,True,False,650.0,1,380,29,66,1,1,0,6,17,17,293,9,4.8,7,-1,-1"
"PATTY-EF,numeric/ipc-2023/fo-farmland,instance_4_400_1229.pddl,True,False,910.0,1,437,29,66,1,1,0,6,17,17,392,10,4.8,8,-1,-1"
"PATTY-EF,numeric/ipc-2023/fo-farmland,instance_4_800_1229.pddl,True,False,960.0,1,513,29,66,1,1,0,6,17,17,482,9,4.8,7,-1,-1"
"PATTY-EF,numeric/ipc-2023/fo-farmland,instance_6_100_1229.pddl,True,False,1870.0,1,204,45,106,1,1,0,8,29,29,68,17,5.56,11,-1,-1"
"PATTY-EF,numeric/ipc-2023/fo-farmland,instance_6_400_1229.pddl,True,False,1310.0,1,1568,45,106,1,1,0,8,29,29,398,20,5.56,10,-1,-1"
"PATTY-EF,numeric/ipc-2023/fo-farmland,instance_6_600_1229.pddl,True,False,1030.0,1,690,45,106,1,1,0,8,29,29,600,10,5.56,8,-1,-1"
"PATTY-EF,numeric/ipc-2023/fo-farmland,instance_6_800_1229.pddl,True,False,1860.0,1,1757,45,106,1,1,0,8,29,29,786,13,5.56,11,-1,-1"
"PATTY-EF,numeric/ipc-2023/fo-farmland,instance_6_900_1229.pddl,True,False,3550.0,1,1674,45,106,1,1,0,8,29,29,565,13,5.56,12,-1,-1"
"PATTY-EF,numeric/ipc-2023/fo-farmland,instance_8_300_1229.pddl,True,False,2830.0,1,742,61,146,1,1,0,10,41,41,263,24,5.8,18,-1,-1"
"PATTY-EF,numeric/ipc-2023/fo-farmland,instance_8_400_1229.pddl,True,False,2340.0,1,912,61,146,1,1,0,10,41,41,394,24,5.8,20,-1,-1"
"PATTY-EF,numeric/ipc-2023/fo-farmland,instance_8_500_1229.pddl,True,False,3680.0,1,1338,61,146,1,1,0,10,41,41,425,27,5.8,19,-1,-1"
"PATTY-EF,numeric/ipc-2023/fo-farmland,instance_8_600_1229.pddl,True,False,2880.0,1,1635,61,146,1,1,0,10,41,41,525,27,5.8,18,-1,-1"
"PATTY-EF,numeric/ipc-2023/fo-farmland,instance_8_700_1229.pddl,True,False,1810.0,1,2039,61,146,1,1,0,10,41,41,681,21,5.8,16,-1,-1"
"PATTY-EF,numeric/ipc-2023/fo-farmland,instance_8_900_1229.pddl,True,False,4300.0,1,2541,61,146,1,1,0,10,41,41,825,27,5.8,18,-1,-1"
"PATTY-EF,numeric/ipc-2023/fo-sailing,instance_1_1_1229.pddl,True,False,840.0,1,155,18,42,1,1,1,3,10,10,51,9,1.9,7,-1,-1"
"PATTY-EF,numeric/ipc-2023/fo-sailing,instance_1_2_1229.pddl,True,False,850.0,2,377,25,61,2,2,2,3,11,15,99,6,2.43,4,-1,-1"
"PATTY-EF,numeric/ipc-2023/fo-sailing,instance_1_3_1229.pddl,True,False,980.0,3,644,30,74,3,3,3,3,12,18,216,9,2.86,6,-1,-1"
"PATTY-EF,numeric/ipc-2023/fo-sailing,instance_1_4_1229.pddl,True,False,1870.0,4,1133,43,111,4,4,4,3,13,29,225,22,3.72,16,-1,-1"
"PATTY-EF,numeric/ipc-2023/fo-sailing,instance_2_1_1229.pddl,True,False,1000.0,1,406,34,81,1,1,1,6,20,20,179,10,1.93,6,-1,-1"
"PATTY-EF,numeric/ipc-2023/fo-sailing,instance_2_2_1229.pddl,True,False,650.0,1,357,38,91,1,1,2,6,22,22,135,12,2.4,10,-1,-1"
"PATTY-EF,numeric/ipc-2023/fo-sailing,instance_2_3_1229.pddl,True,False,950.0,2,1008,53,136,2,2,3,6,24,35,305,15,3.04,10,-1,-1"
"PATTY-EF,numeric/ipc-2023/fo-sailing,instance_2_4_1229.pddl,True,False,1050.0,2,871,64,167,2,2,4,6,26,44,316,20,3.61,13,-1,-1"
"PATTY-EF,numeric/ipc-2023/fo-sailing,instance_3_1_1229.pddl,True,False,950.0,1,455,50,120,1,1,1,9,30,30,180,15,1.93,10,-1,-1"
"PATTY-EF,numeric/ipc-2023/fo-sailing,instance_3_2_1229.pddl,True,False,920.0,1,200,55,134,1,1,2,9,33,33,88,15,2.41,8,-1,-1"
"PATTY-EF,numeric/ipc-2023/fo-sailing,instance_3_3_1229.pddl,True,False,910.0,1,343,60,148,1,1,3,9,36,36,174,21,2.8,15,-1,-1"
"PATTY-EF,numeric/ipc-2023/fo-sailing,instance_3_4_1229.pddl,True,False,8150.0,2,9817,81,213,2,2,4,9,39,55,2006,34,3.46,25,-1,-1"
"PATTY-EF,numeric/ipc-2023/fo-sailing,instance_4_1_1229.pddl,True,False,930.0,1,476,66,159,1,1,1,12,40,40,173,14,1.94,9,-1,-1"
"PATTY-EF,numeric/ipc-2023/fo-sailing,instance_4_2_1229.pddl,True,False,700.0,1,399,72,177,1,1,2,12,44,44,178,13,2.42,9,-1,-1"
"PATTY-EF,numeric/ipc-2023/fo-sailing,instance_4_3_1229.pddl,True,False,920.0,1,321,78,195,1,1,3,12,48,48,183,12,2.81,8,-1,-1"
"PATTY-EF,numeric/ipc-2023/fo-sailing,instance_4_4_1229.pddl,True,False,1080.0,1,1220,84,213,1,1,4,12,52,52,322,23,3.14,15,-1,-1"
"PATTY-EF,numeric/ipc-2023/fo-sailing,instance_5_1_1229.pddl,True,False,720.0,1,147,82,198,1,1,1,15,50,50,40,17,1.94,12,-1,-1"
"PATTY-EF,numeric/ipc-2023/fo-sailing,instance_5_2_1229.pddl,True,False,950.0,1,483,89,220,1,1,2,15,55,55,90,27,2.42,20,-1,-1"
"PATTY-EF,numeric/ipc-2023/fo-sailing,instance_5_3_1229.pddl,True,False,1060.0,1,444,96,242,1,1,3,15,60,60,101,18,2.82,13,-1,-1"
"PATTY-EF,numeric/ipc-2023/fo-sailing,instance_5_4_1229.pddl,True,False,1050.0,1,225,103,264,1,1,4,15,65,65,46,20,3.15,12,-1,-1"
"PATTY-EF,numeric/ipc-2023/fo_counters,instance_10.pddl,True,False,1040.0,1,67,82,184,1,1,0,21,40,40,10,23,2.68,10,-1,-1"
"PATTY-EF,numeric/ipc-2023/fo_counters,instance_10.pddl,True,False,790.0,1,67,82,184,1,1,0,21,40,40,10,23,2.68,10,-1,-1"
"PATTY-EF,numeric/ipc-2023/fo_counters,instance_11.pddl,True,False,920.0,1,84,90,202,1,1,0,23,44,44,11,21,2.69,15,-1,-1"
"PATTY-EF,numeric/ipc-2023/fo_counters,instance_12.pddl,True,False,960.0,1,93,98,220,1,1,0,25,48,48,10,26,2.69,14,-1,-1"
"PATTY-EF,numeric/ipc-2023/fo_counters,instance_13.pddl,True,False,800.0,1,126,106,238,1,1,0,27,52,52,26,24,2.69,13,-1,-1"
"PATTY-EF,numeric/ipc-2023/fo_counters,instance_14.pddl,True,False,870.0,1,176,114,256,1,1,0,29,56,56,28,37,2.7,20,-1,-1"
"PATTY-EF,numeric/ipc-2023/fo_counters,instance_15.pddl,True,False,810.0,1,165,122,274,1,1,0,31,60,60,19,31,2.7,19,-1,-1"
"PATTY-EF,numeric/ipc-2023/fo_counters,instance_16.pddl,True,False,1230.0,1,185,130,292,1,1,0,33,64,64,29,31,2.7,17,-1,-1"
"PATTY-EF,numeric/ipc-2023/fo_counters,instance_17.pddl,True,False,1130.0,1,175,138,310,1,1,0,35,68,68,34,43,2.7,19,-1,-1"
"PATTY-EF,numeric/ipc-2023/fo_counters,instance_18.pddl,True,False,870.0,1,199,146,328,1,1,0,37,72,72,34,40,2.7,21,-1,-1"
"PATTY-EF,numeric/ipc-2023/fo_counters,instance_19.pddl,True,False,870.0,1,197,154,346,1,1,0,39,76,76,23,39,2.7,23,-1,-1"
"PATTY-EF,numeric/ipc-2023/fo_counters,instance_2.pddl,True,False,790.0,1,12,18,40,1,1,0,5,8,8,5,5,2.55,2,-1,-1"
"PATTY-EF,numeric/ipc-2023/fo_counters,instance_20.pddl,True,False,1390.0,1,252,162,364,1,1,0,41,80,80,19,58,2.7,37,-1,-1"
"PATTY-EF,numeric/ipc-2023/fo_counters,instance_21.pddl,True,False,1250.0,1,251,170,382,1,1,0,43,84,84,24,58,2.7,38,-1,-1"
"PATTY-EF,numeric/ipc-2023/fo_counters,instance_3.pddl,True,False,780.0,1,15,26,58,1,1,0,7,12,12,7,7,2.6,2,-1,-1"
"PATTY-EF,numeric/ipc-2023/fo_counters,instance_4.pddl,True,False,830.0,1,15,34,76,1,1,0,9,16,16,8,7,2.63,2,-1,-1"
"PATTY-EF,numeric/ipc-2023/fo_counters,instance_5.pddl,True,False,680.0,1,30,42,94,1,1,0,11,20,20,7,12,2.65,6,-1,-1"
"PATTY-EF,numeric/ipc-2023/fo_counters,instance_6.pddl,True,False,750.0,1,36,50,112,1,1,0,13,24,24,10,14,2.66,7,-1,-1"
"PATTY-EF,numeric/ipc-2023/fo_counters,instance_7.pddl,True,False,1030.0,1,44,58,130,1,1,0,15,28,28,10,19,2.67,8,-1,-1"
"PATTY-EF,numeric/ipc-2023/fo_counters,instance_8.pddl,True,False,840.0,1,56,66,148,1,1,0,17,32,32,10,22,2.68,10,-1,-1"
"PATTY-EF,numeric/ipc-2023/fo_counters,instance_9.pddl,True,False,770.0,1,58,74,166,1,1,0,19,36,36,9,22,2.68,11,-1,-1"
"PATTY-EF,numeric/ipc-2023/hydropower,pfile01.pddl,True,False,4810.0,1,63,250,594,1,1,49,3,146,146,1,63,19.22,0,-1,-1"
"PATTY-EF,numeric/ipc-2023/hydropower,pfile02.pddl,False,True,30000,-1,0,250,594,1,-1,49,3,146,146,-1,-1,19.22,-1,-1,-1"
"PATTY-EF,numeric/ipc-2023/hydropower,pfile04.pddl,True,False,5190.0,1,58,250,594,1,1,49,3,146,146,2,50,19.22,8,-1,-1"
"PATTY-EF,numeric/ipc-2023/hydropower,pfile05.pddl,True,False,12330.0,1,87,250,594,1,1,49,3,146,146,3,70,19.22,16,-1,-1"
"PATTY-EF,numeric/ipc-2023/hydropower,pfile06.pddl,True,False,24880.0,1,54,250,594,1,1,49,3,146,146,3,48,19.22,5,-1,-1"
"PATTY-EF,numeric/ipc-2023/hydropower,pfile07.pddl,True,False,14260.0,1,87,250,594,1,1,49,3,146,146,4,64,19.22,21,-1,-1"
"PATTY-EF,numeric/ipc-2023/hydropower,pfile08.pddl,True,False,22320.0,1,88,250,594,1,1,49,3,146,146,4,72,19.22,11,-1,-1"
"PATTY-EF,numeric/ipc-2023/hydropower,pfile09.pddl,True,False,15820.0,1,105,250,594,1,1,49,3,146,146,5,74,19.22,24,-1,-1"
"PATTY-EF,numeric/ipc-2023/hydropower,pfile11.pddl,True,False,9030.0,1,131,250,594,1,1,49,3,146,146,10,79,19.22,30,-1,-1"
"PATTY-EF,numeric/ipc-2023/hydropower,pfile12.pddl,True,False,13890.0,1,142,250,594,1,1,49,3,146,146,12,87,19.22,28,-1,-1"
"PATTY-EF,numeric/ipc-2023/hydropower,pfile13.pddl,True,False,11700.0,1,156,250,594,1,1,49,3,146,146,15,79,19.22,34,-1,-1"
"PATTY-EF,numeric/ipc-2023/hydropower,pfile14.pddl,True,False,14270.0,1,179,250,594,1,1,49,3,146,146,18,84,19.22,32,-1,-1"
"PATTY-EF,numeric/ipc-2023/hydropower,pfile18.pddl,True,False,11100.0,1,267,250,594,1,1,49,3,146,146,28,116,19.22,56,-1,-1"
"PATTY-EF,numeric/ipc-2023/hydropower,pfile19.pddl,True,False,12760.0,1,295,250,594,1,1,49,3,146,146,30,120,19.22,69,-1,-1"
"PATTY-EF,numeric/ipc-2023/hydropower,pfile20.pddl,True,False,27800.0,1,332,250,594,1,1,49,3,146,146,33,136,19.22,77,-1,-1"
"PATTY-EF,numeric/ipc-2023/hydropower,pfile22.pddl,False,True,30000,-1,0,250,594,1,-1,49,3,146,146,-1,-1,19.22,-1,-1,-1"
"PATTY-EF,numeric/ipc-2023/hydropower,pfile23.pddl,True,False,8710.0,1,359,250,594,1,1,49,3,146,146,40,133,19.22,79,-1,-1"
"PATTY-EF,numeric/ipc-2023/hydropower,pfile24.pddl,True,False,25770.0,1,414,250,594,1,1,49,3,146,146,43,145,19.22,97,-1,-1"
"PATTY-EF,numeric/ipc-2023/hydropower,pfile27.pddl,True,False,25130.0,1,426,250,594,1,1,49,3,146,146,50,142,19.22,92,-1,-1"
"PATTY-EF,numeric/ipc-2023/hydropower,pfile28.pddl,True,False,16790.0,1,406,250,594,1,1,49,3,146,146,53,128,19.22,78,-1,-1"
"PATTY-EF,numeric/ipc-2023/markettrader,pfile01.pddl,False,True,30000,-1,0,146,386,2,-1,2,16,55,110,-1,-1,17.09,-1,-1,-1"
"PATTY-EF,numeric/ipc-2023/markettrader,pfile02.pddl,False,True,30000,-1,0,136,359,2,-1,2,15,51,102,-1,-1,15.97,-1,-1,-1"
"PATTY-EF,numeric/ipc-2023/markettrader,pfile03.pddl,False,True,30000,-1,0,136,359,2,-1,2,15,51,102,-1,-1,15.97,-1,-1,-1"
"PATTY-EF,numeric/ipc-2023/markettrader,pfile04.pddl,False,True,30000,-1,0,138,365,2,-1,2,15,52,104,-1,-1,16.53,-1,-1,-1"
"PATTY-EF,numeric/ipc-2023/markettrader,pfile05.pddl,False,True,30000,-1,0,138,365,2,-1,2,15,52,104,-1,-1,16.53,-1,-1,-1"
"PATTY-EF,numeric/ipc-2023/markettrader,pfile06.pddl,False,True,30000,-1,0,220,606,2,-1,3,18,89,178,-1,-1,24.78,-1,-1,-1"
"PATTY-EF,numeric/ipc-2023/markettrader,pfile07.pddl,False,True,30000,-1,0,208,576,2,-1,3,16,85,170,-1,-1,26.67,-1,-1,-1"
"PATTY-EF,numeric/ipc-2023/markettrader,pfile08.pddl,False,True,30000,-1,0,206,570,2,-1,3,16,84,168,-1,-1,26.11,-1,-1,-1"
"PATTY-EF,numeric/ipc-2023/markettrader,pfile09.pddl,False,True,30000,-1,0,121,307,1,-1,3,16,83,83,-1,-1,12.26,-1,-1,-1"
"PATTY-EF,numeric/ipc-2023/markettrader,pfile10.pddl,False,True,30000,-1,0,224,618,2,-1,3,18,91,182,-1,-1,26.01,-1,-1,-1"
"PATTY-EF,numeric/ipc-2023/markettrader,pfile11.pddl,False,True,30000,-1,0,151,397,1,-1,4,16,111,111,-1,-1,15.52,-1,-1,-1"
"PATTY-EF,numeric/ipc-2023/markettrader,pfile12.pddl,False,True,30000,-1,0,254,725,2,-1,4,15,108,216,-1,-1,34.87,-1,-1,-1"
"PATTY-EF,numeric/ipc-2023/markettrader,pfile13.pddl,False,True,30000,-1,0,278,787,2,-1,4,17,118,236,-1,-1,35.04,-1,-1,-1"
"PATTY-EF,numeric/ipc-2023/markettrader,pfile14.pddl,False,True,30000,-1,0,274,771,2,-1,4,17,116,232,-1,-1,36.12,-1,-1,-1"
"PATTY-EF,numeric/ipc-2023/markettrader,pfile15.pddl,False,True,30000,-1,0,284,802,2,-1,4,18,120,240,-1,-1,33.47,-1,-1,-1"
"PATTY-EF,numeric/ipc-2023/markettrader,pfile16.pddl,False,True,30000,-1,0,195,521,1,-1,5,18,149,149,-1,-1,18.78,-1,-1,-1"
"PATTY-EF,numeric/ipc-2023/markettrader,pfile17.pddl,False,True,30000,-1,0,193,524,1,-1,5,17,149,149,-1,-1,20.55,-1,-1,-1"
"PATTY-EF,numeric/ipc-2023/markettrader,pfile18.pddl,False,True,30000,-1,0,199,539,1,-1,5,18,153,153,-1,-1,20.51,-1,-1,-1"
"PATTY-EF,numeric/ipc-2023/markettrader,pfile19.pddl,False,True,30000,-1,0,195,521,1,-1,5,18,149,149,-1,-1,19.09,-1,-1,-1"
"PATTY-EF,numeric/ipc-2023/markettrader,pfile20.pddl,False,True,30000,-1,0,199,537,1,-1,5,18,153,153,-1,-1,19.39,-1,-1,-1"
"PATTY-EF,numeric/ipc-2023/mprime,pfile01.pddl,True,False,940.0,1,43,153,380,1,1,27,7,85,85,8,18,7.05,11,-1,-1"
"PATTY-EF,numeric/ipc-2023/mprime,pfile02.pddl,True,False,14240.0,1,50,1767,5477,1,1,248,11,1249,1249,4,33,32.89,15,-1,-1"
"PATTY-EF,numeric/ipc-2023/mprime,pfile04.pddl,True,False,1620.0,1,61,464,1180,1,1,87,11,268,268,4,38,16.51,17,-1,-1"
"PATTY-EF,numeric/ipc-2023/mprime,pfile05.pddl,True,False,9330.0,1,40,1544,4781,1,1,212,12,1096,1096,5,32,30.99,5,-1,-1"
"PATTY-EF,numeric/ipc-2023/mprime,pfile09.pddl,True,False,6220.0,1,44,1197,3659,1,1,171,11,833,833,5,33,23.75,7,-1,-1"
"PATTY-EF,numeric/ipc-2023/mprime,pfile13.pddl,False,True,30000,-1,0,-1,-1,-1,-1,1488,29,15002,-1,-1,-1,-1,-1,-1,-1"
"PATTY-EF,numeric/ipc-2023/mprime,pfile14.pddl,False,True,30000,-1,0,-1,-1,-1,-1,1509,30,17595,-1,-1,-1,-1,-1,-1,-1"
"PATTY-EF,numeric/ipc-2023/mprime,pfile15.pddl,False,True,30000,-1,0,-1,-1,-1,-1,551,28,5613,-1,-1,-1,-1,-1,-1,-1"
"PATTY-EF,numeric/ipc-2023/mprime,pfile16.pddl,True,False,20570.0,1,63,2189,7112,1,1,239,18,1675,1675,4,48,27.4,12,-1,-1"
"PATTY-EF,numeric/ipc-2023/mprime,pfile18.pddl,False,True,30000,-1,0,4522,14970,1,-1,415,29,3634,3634,-1,-1,49.18,-1,-1,-1"
"PATTY-EF,numeric/ipc-2023/mprime,pfile19.pddl,False,True,30000,-1,0,-1,-1,-1,-1,442,23,3889,-1,-1,-1,-1,-1,-1,-1"
"PATTY-EF,numeric/ipc-2023/mprime,pfile20.pddl,False,True,30000,-1,0,3122,10136,1,-1,314,29,2436,2436,-1,-1,25.58,-1,-1,-1"
"PATTY-EF,numeric/ipc-2023/mprime,pfile21.pddl,False,True,30000,-1,0,-1,-1,-1,-1,684,18,5220,-1,-1,-1,-1,-1,-1,-1"
"PATTY-EF,numeric/ipc-2023/mprime,pfile22.pddl,False,True,30000,-1,0,-1,-1,-1,-1,1002,37,13561,-1,-1,-1,-1,-1,-1,-1"
"PATTY-EF,numeric/ipc-2023/mprime,pfile23.pddl,False,True,30000,-1,0,-1,-1,-1,-1,549,26,4953,-1,-1,-1,-1,-1,-1,-1"
"PATTY-EF,numeric/ipc-2023/mprime,pfile24.pddl,False,True,30000,-1,0,-1,-1,-1,-1,711,18,3669,-1,-1,-1,-1,-1,-1,-1"
"PATTY-EF,numeric/ipc-2023/mprime,pfile25.pddl,True,False,1090.0,1,25,120,315,1,1,20,6,68,68,4,15,6.31,6,-1,-1"
"PATTY-EF,numeric/ipc-2023/mprime,pfile26.pddl,True,False,5160.0,1,70,1084,3340,1,1,128,17,794,794,7,37,17.36,18,-1,-1"
"PATTY-EF,numeric/ipc-2023/mprime,pfile27.pddl,True,False,1710.0,1,82,537,1564,1,1,81,10,355,355,24,29,13.04,18,-1,-1"
"PATTY-EF,numeric/ipc-2023/mprime,pfile28.pddl,True,False,1320.0,3,101,339,981,3,3,47,6,107,233,6,47,19.46,33,-1,-1"
"PATTY-EF,numeric/ipc-2023/pathwaysmetric,pfile01.pddl,True,False,720.0,1,35,162,294,1,1,32,27,44,44,16,9,2.23,5,-1,-1"
"PATTY-EF,numeric/ipc-2023/pathwaysmetric,pfile03.pddl,True,False,890.0,1,170,260,483,1,1,38,55,74,74,35,29,2.42,20,-1,-1"
"PATTY-EF,numeric/ipc-2023/pathwaysmetric,pfile04.pddl,True,False,1150.0,1,108,325,618,1,1,44,68,101,101,13,33,2.53,23,-1,-1"
"PATTY-EF,numeric/ipc-2023/pathwaysmetric,pfile06.pddl,True,False,1630.0,1,289,558,1052,1,1,70,126,166,166,36,42,3.01,30,-1,-1"
"PATTY-EF,numeric/ipc-2023/pathwaysmetric,pfile07.pddl,True,False,1940.0,1,376,697,1329,1,1,80,161,215,215,154,42,3.13,30,-1,-1"
"PATTY-EF,numeric/ipc-2023/pathwaysmetric,pfile08.pddl,True,False,2660.0,1,524,840,1634,1,1,82,200,276,276,75,74,3.5,51,-1,-1"
"PATTY-EF,numeric/ipc-2023/pathwaysmetric,pfile09.pddl,True,False,3170.0,1,991,833,1606,1,1,96,186,269,269,179,163,3.57,125,-1,-1"
"PATTY-EF,numeric/ipc-2023/pathwaysmetric,pfile10.pddl,True,False,2770.0,1,566,760,1534,1,1,78,158,288,288,206,60,3.28,41,-1,-1"
"PATTY-EF,numeric/ipc-2023/pathwaysmetric,pfile11.pddl,True,False,2560.0,1,438,756,1499,1,1,94,147,274,274,74,79,2.91,53,-1,-1"
"PATTY-EF,numeric/ipc-2023/pathwaysmetric,pfile13.pddl,True,False,3050.0,1,519,859,1696,1,1,96,182,303,303,43,99,3.17,65,-1,-1"
"PATTY-EF,numeric/ipc-2023/pathwaysmetric,pfile14.pddl,True,False,3570.0,1,849,876,1731,1,1,86,199,306,306,156,129,3.71,89,-1,-1"
"PATTY-EF,numeric/ipc-2023/pathwaysmetric,pfile15.pddl,True,False,3480.0,1,825,931,1909,1,1,90,190,371,371,112,114,3.45,82,-1,-1"
"PATTY-EF,numeric/ipc-2023/pathwaysmetric,pfile16.pddl,True,False,8310.0,1,1216,1458,2958,1,1,110,344,550,550,188,127,4.39,91,-1,-1"
"PATTY-EF,numeric/ipc-2023/pathwaysmetric,pfile18.pddl,True,False,5290.0,1,811,1127,2217,1,1,92,281,381,381,106,121,4.31,87,-1,-1"
"PATTY-EF,numeric/ipc-2023/pathwaysmetric,pfile20.pddl,True,False,6230.0,1,1985,1256,2487,1,1,104,306,436,436,572,116,4.37,85,-1,-1"
"PATTY-EF,numeric/ipc-2023/pathwaysmetric,pfile21.pddl,True,False,7240.0,1,1312,1474,3012,1,1,122,328,574,574,128,133,4.1,103,-1,-1"
"PATTY-EF,numeric/ipc-2023/pathwaysmetric,pfile23.pddl,True,False,4350.0,1,1450,1303,2661,1,1,122,274,511,511,126,139,3.83,108,-1,-1"
"PATTY-EF,numeric/ipc-2023/pathwaysmetric,pfile24.pddl,True,False,8240.0,1,3270,1470,2891,1,1,112,376,494,494,400,233,4.52,187,-1,-1"
"PATTY-EF,numeric/ipc-2023/pathwaysmetric,pfile26.pddl,True,False,6870.0,1,2248,1661,3414,1,1,134,367,659,659,258,211,4.37,159,-1,-1"
"PATTY-EF,numeric/ipc-2023/pathwaysmetric,pfile27.pddl,True,False,12930.0,1,3106,1945,3998,1,1,142,447,767,767,1206,215,4.7,147,-1,-1"
"PATTY-EF,numeric/ipc-2023/rover,pfile1.pddl,True,False,1220.0,1,15,156,371,1,1,40,2,72,72,2,13,16.53,2,-1,-1"
"PATTY-EF,numeric/ipc-2023/rover,pfile10.pddl,True,False,12640.0,2,119,889,2511,2,2,166,5,506,547,33,68,34.35,8,-1,-1"
"PATTY-EF,numeric/ipc-2023/rover,pfile11.pddl,True,False,28740.0,4,174,1120,3388,4,4,171,5,722,768,32,57,46.51,15,-1,-1"
"PATTY-EF,numeric/ipc-2023/rover,pfile12.pddl,True,False,7120.0,1,45,989,2860,1,1,175,5,629,629,13,30,41.98,4,-1,-1"
"PATTY-EF,numeric/ipc-2023/rover,pfile13.pddl,False,True,30000,-1,0,1485,4651,1,-1,204,5,1067,1067,-1,-1,66.45,-1,-1,-1"
"PATTY-EF,numeric/ipc-2023/rover,pfile14.pddl,False,True,30000,-1,0,1287,3800,2,-1,212,5,820,853,-1,-1,52.01,-1,-1,-1"
"PATTY-EF,numeric/ipc-2023/rover,pfile15.pddl,False,True,30000,-1,0,1629,4992,1,-1,242,5,1135,1135,-1,-1,76.53,-1,-1,-1"
"PATTY-EF,numeric/ipc-2023/rover,pfile16.pddl,False,True,30000,-1,0,1395,4065,1,-1,243,5,899,899,-1,-1,63.92,-1,-1,-1"
"PATTY-EF,numeric/ipc-2023/rover,pfile17.pddl,False,True,30000,-1,0,2783,8509,1,-1,422,7,1925,1925,-1,-1,83.0,-1,-1,-1"
"PATTY-EF,numeric/ipc-2023/rover,pfile18.pddl,False,True,30000,-1,0,-1,-1,-1,-1,561,7,2410,-1,-1,-1,-1,-1,-1,-1"
"PATTY-EF,numeric/ipc-2023/rover,pfile19.pddl,False,True,30000,-1,0,-1,-1,-1,-1,593,7,4250,-1,-1,-1,-1,-1,-1,-1"
"PATTY-EF,numeric/ipc-2023/rover,pfile2.pddl,True,False,1490.0,2,19,179,430,2,2,45,2,79,85,3,14,19.37,4,-1,-1"
"PATTY-EF,numeric/ipc-2023/rover,pfile20.pddl,False,True,30000,-1,0,-1,-1,-1,-1,858,9,6723,-1,-1,-1,-1,-1,-1,-1"
"PATTY-EF,numeric/ipc-2023/rover,pfile3.pddl,True,False,1910.0,2,92,257,638,2,2,61,3,112,129,50,21,15.9,7,-1,-1"
"PATTY-EF,numeric/ipc-2023/rover,pfile4.pddl,True,False,1550.0,1,61,258,602,1,1,68,3,116,116,24,12,13.96,4,-1,-1"
"PATTY-EF,numeric/ipc-2023/rover,pfile5.pddl,True,False,2090.0,1,126,329,850,1,1,74,3,175,175,32,27,21.64,7,-1,-1"
"PATTY-EF,numeric/ipc-2023/rover,pfile6.pddl,False,True,30000,-1,0,970,3316,4,-1,83,3,258,798,-1,-1,97.92,-1,-1,-1"
"PATTY-EF,numeric/ipc-2023/rover,pfile7.pddl,True,False,2100.0,1,45,434,1114,1,1,99,4,228,228,13,24,19.04,4,-1,-1"
"PATTY-EF,numeric/ipc-2023/rover,pfile8.pddl,True,False,10310.0,2,177,788,2236,2,2,145,5,458,488,37,58,30.93,14,-1,-1"
"PATTY-EF,numeric/ipc-2023/rover,pfile9.pddl,False,True,30000,-1,0,1872,6378,5,-1,165,5,496,1532,-1,-1,94.02,-1,-1,-1"
"PATTY-EF,numeric/ipc-2023/sailing,instance_1_10_1229.pddl,True,False,1560.0,9,1977,67,125,9,9,10,2,17,43,291,29,7.46,19,-1,-1"
"PATTY-EF,numeric/ipc-2023/sailing,instance_1_4_1229.pddl,True,False,650.0,4,748,32,54,4,4,4,2,11,20,140,12,4.61,8,-1,-1"
"PATTY-EF,numeric/ipc-2023/sailing,instance_1_5_1229.pddl,True,False,920.0,5,1007,38,66,5,5,5,2,12,24,147,15,5.14,10,-1,-1"
"PATTY-EF,numeric/ipc-2023/sailing,instance_1_6_1229.pddl,True,False,770.0,6,1352,44,78,6,6,6,2,13,28,280,18,5.64,12,-1,-1"
"PATTY-EF,numeric/ipc-2023/sailing,instance_1_7_1229.pddl,True,False,780.0,6,1198,49,89,6,6,7,2,14,31,200,20,5.89,13,-1,-1"
"PATTY-EF,numeric/ipc-2023/sailing,instance_2_10_1229.pddl,True,False,1610.0,5,2154,93,181,5,5,10,4,34,65,211,35,6.83,20,-1,-1"
"PATTY-EF,numeric/ipc-2023/sailing,instance_2_1_1229.pddl,True,False,660.0,1,174,26,33,1,1,1,4,16,16,88,3,2.97,2,-1,-1"
"PATTY-EF,numeric/ipc-2023/sailing,instance_2_2_1229.pddl,True,False,940.0,1,197,30,43,1,1,2,4,18,18,90,6,3.44,4,-1,-1"
"PATTY-EF,numeric/ipc-2023/sailing,instance_2_4_1229.pddl,True,False,840.0,2,868,44,75,2,2,4,4,22,28,213,12,4.23,8,-1,-1"
"PATTY-EF,numeric/ipc-2023/sailing,instance_2_7_1229.pddl,True,False,840.0,3,1129,64,122,3,3,7,4,28,42,198,20,5.15,11,-1,-1"
"PATTY-EF,numeric/ipc-2023/sailing,instance_2_8_1229.pddl,True,False,890.0,4,1447,75,145,4,4,8,4,30,51,198,26,5.82,17,-1,-1"
"PATTY-EF,numeric/ipc-2023/sailing,instance_2_9_1229.pddl,True,False,900.0,4,1740,80,156,4,4,9,4,32,54,232,26,6.05,17,-1,-1"
"PATTY-EF,numeric/ipc-2023/sailing,instance_3_4_1229.pddl,True,False,710.0,2,1312,62,108,2,2,4,6,33,42,290,16,4.33,12,-1,-1"
"PATTY-EF,numeric/ipc-2023/sailing,instance_3_5_1229.pddl,True,False,950.0,2,1140,67,122,2,2,5,6,36,45,150,17,4.53,12,-1,-1"
"PATTY-EF,numeric/ipc-2023/sailing,instance_3_6_1229.pddl,True,False,840.0,2,1151,72,136,2,2,6,6,39,48,193,18,4.7,12,-1,-1"
"PATTY-EF,numeric/ipc-2023/sailing,instance_4_10_1229.pddl,True,False,1940.0,3,2704,139,287,3,3,10,8,68,103,323,48,6.29,31,-1,-1"
"PATTY-EF,numeric/ipc-2023/sailing,instance_4_2_1229.pddl,True,False,780.0,1,296,56,81,1,1,2,8,36,36,93,7,3.56,5,-1,-1"
"PATTY-EF,numeric/ipc-2023/sailing,instance_4_5_1229.pddl,True,False,1200.0,2,1729,86,159,2,2,5,8,48,60,287,21,4.6,16,-1,-1"
"PATTY-EF,numeric/ipc-2023/sailing,instance_4_6_1229.pddl,True,False,840.0,2,1912,92,177,2,2,6,8,52,64,285,22,4.76,16,-1,-1"
"PATTY-EF,numeric/ipc-2023/sailing,instance_4_7_1229.pddl,True,False,1120.0,2,1441,99,199,2,2,7,8,56,69,164,24,4.86,17,-1,-1"
"PATTY-EF,numeric/ipc-2023/settlers-compiled,pfile1.pddl,False,False,1590.0,-1,0,-1,-1,-1,-1,110,84,630,-1,-1,-1,-1,-1,-1,-1"
"PATTY-EF,numeric/ipc-2023/settlers-compiled,pfile10.pddl,True,False,6880.0,1,3540,1866,3879,1,1,175,116,500,500,279,256,9.07,213,-1,-1"
"PATTY-EF,numeric/ipc-2023/settlers-compiled,pfile11.pddl,True,False,9390.0,1,3717,1902,3971,1,1,179,116,528,528,557,301,10.04,271,-1,-1"
"PATTY-EF,numeric/ipc-2023/settlers-compiled,pfile12.pddl,True,False,5280.0,1,1027,1923,4026,1,1,181,116,545,545,253,94,10.4,53,-1,-1"
"PATTY-EF,numeric/ipc-2023/settlers-compiled,pfile13.pddl,True,False,11840.0,1,3712,2316,4844,1,1,212,131,622,622,222,312,10.19,265,-1,-1"
"PATTY-EF,numeric/ipc-2023/settlers-compiled,pfile14.pddl,False,False,5830.0,-1,0,-1,-1,-1,-1,518,204,5202,-1,-1,-1,-1,-1,-1,-1"
"PATTY-EF,numeric/ipc-2023/settlers-compiled,pfile15.pddl,False,False,3530.0,-1,0,-1,-1,-1,-1,351,132,2318,-1,-1,-1,-1,-1,-1,-1"
"PATTY-EF,numeric/ipc-2023/settlers-compiled,pfile16.pddl,False,False,2420.0,-1,0,-1,-1,-1,-1,351,132,2318,-1,-1,-1,-1,-1,-1,-1"
"PATTY-EF,numeric/ipc-2023/settlers-compiled,pfile17.pddl,True,False,14890.0,1,3329,2784,5839,1,1,249,146,734,734,260,298,10.67,250,-1,-1"
"PATTY-EF,numeric/ipc-2023/settlers-compiled,pfile18.pddl,False,True,30000,-1,0,3655,7739,1,-1,320,169,997,997,-1,-1,12.19,-1,-1,-1"
"PATTY-EF,numeric/ipc-2023/settlers-compiled,pfile19.pddl,False,True,30000,-1,0,4494,9544,1,-1,390,193,1228,1228,-1,-1,12.53,-1,-1,-1"
"PATTY-EF,numeric/ipc-2023/settlers-compiled,pfile2.pddl,True,False,2340.0,1,2385,946,1921,1,1,96,78,248,248,305,163,7.2,142,-1,-1"
"PATTY-EF,numeric/ipc-2023/settlers-compiled,pfile20.pddl,False,True,30000,1,9075,4495,9547,1,1,390,193,1229,1229,1045,521,12.3,466,-1,-1"
"PATTY-EF,numeric/ipc-2023/settlers-compiled,pfile3.pddl,True,False,3500.0,1,2305,967,1976,1,1,98,78,265,265,421,131,7.89,111,-1,-1"
"PATTY-EF,numeric/ipc-2023/settlers-compiled,pfile4.pddl,True,False,3140.0,1,807,951,1936,1,1,96,78,253,253,105,74,7.22,44,-1,-1"
"PATTY-EF,numeric/ipc-2023/settlers-compiled,pfile5.pddl,True,False,4050.0,1,2068,1143,2352,1,1,115,86,321,321,315,138,8.32,108,-1,-1"
"PATTY-EF,numeric/ipc-2023/settlers-compiled,pfile6.pddl,True,False,4300.0,1,778,1288,2650,1,1,126,93,346,346,132,93,8.61,78,-1,-1"
"PATTY-EF,numeric/ipc-2023/settlers-compiled,pfile7.pddl,False,False,2500.0,-1,0,-1,-1,-1,-1,218,108,1365,-1,-1,-1,-1,-1,-1,-1"
"PATTY-EF,numeric/ipc-2023/settlers-compiled,pfile8.pddl,True,False,5550.0,1,2127,1627,3354,1,1,154,108,417,417,222,193,8.63,164,-1,-1"
"PATTY-EF,numeric/ipc-2023/settlers-compiled,pfile9.pddl,True,False,4940.0,1,1072,1486,3076,1,1,144,101,408,408,252,110,8.67,74,-1,-1"
"PATTY-EF,numeric/ipc-2023/sugar,pfile01.pddl,True,False,2050.0,2,23,480,1385,2,2,28,38,174,348,2,22,15.45,1,-1,-1"
"PATTY-EF,numeric/ipc-2023/sugar,pfile02.pddl,True,False,2460.0,3,52,582,1699,3,3,37,44,202,420,10,34,14.69,7,-1,-1"
"PATTY-EF,numeric/ipc-2023/sugar,pfile03.pddl,True,False,5280.0,3,49,763,2349,3,3,37,43,201,603,5,41,20.62,2,-1,-1"
"PATTY-EF,numeric/ipc-2023/sugar,pfile04.pddl,True,False,13050.0,6,101,1162,3751,6,6,39,44,241,996,5,78,33.15,11,-1,-1"
"PATTY-EF,numeric/ipc-2023/sugar,pfile05.pddl,True,False,13210.0,5,105,923,2900,5,5,39,44,241,757,5,77,25.79,12,-1,-1"
"PATTY-EF,numeric/ipc-2023/sugar,pfile06.pddl,True,False,4070.0000000000005,3,76,669,1997,3,3,39,44,241,503,6,53,17.52,11,-1,-1"
"PATTY-EF,numeric/ipc-2023/sugar,pfile07.pddl,True,False,3320.0,3,30,658,1959,3,3,39,44,241,492,5,24,17.32,3,-1,-1"
"PATTY-EF,numeric/ipc-2023/sugar,pfile08.pddl,True,False,2050.0,2,56,428,1142,2,2,39,44,241,262,5,34,9.62,11,-1,-1"
"PATTY-EF,numeric/ipc-2023/sugar,pfile09.pddl,True,False,4250.0,3,66,674,2016,3,3,39,44,241,508,4,52,17.54,11,-1,-1"
"PATTY-EF,numeric/ipc-2023/sugar,pfile10.pddl,True,False,11160.0,4,93,911,2857,4,4,39,44,241,745,6,68,25.3,15,-1,-1"
"PATTY-EF,numeric/ipc-2023/sugar,pfile11.pddl,True,False,2110.0,1,25,403,1051,1,1,39,44,237,237,6,19,8.77,2,-1,-1"
"PATTY-EF,numeric/ipc-2023/sugar,pfile12.pddl,True,False,9290.0,5,68,910,2856,5,5,39,44,241,744,3,59,25.42,6,-1,-1"
"PATTY-EF,numeric/ipc-2023/sugar,pfile13.pddl,True,False,2810.0,2,71,425,1128,2,2,39,44,241,259,7,40,9.63,14,-1,-1"
"PATTY-EF,numeric/ipc-2023/sugar,pfile14.pddl,True,False,7120.0,4,73,909,2846,4,4,39,44,241,743,6,52,25.35,10,-1,-1"
"PATTY-EF,numeric/ipc-2023/sugar,pfile15.pddl,False,True,30000,-1,0,1176,3795,6,-1,39,44,241,1010,-1,-1,34.09,-1,-1,-1"
"PATTY-EF,numeric/ipc-2023/sugar,pfile16.pddl,True,False,6650.0,5,92,696,2091,5,5,39,44,241,530,6,71,18.23,13,-1,-1"
"PATTY-EF,numeric/ipc-2023/sugar,pfile17.pddl,True,False,2720.0,3,44,439,1181,3,3,39,44,241,273,2,40,10.23,4,-1,-1"
"PATTY-EF,numeric/ipc-2023/sugar,pfile18.pddl,True,False,3450.0,3,79,663,1973,3,3,39,44,241,497,8,51,17.35,13,-1,-1"
"PATTY-EF,numeric/ipc-2023/sugar,pfile19.pddl,True,False,4260.0,3,94,440,1183,3,3,39,44,241,274,10,48,9.76,13,-1,-1"
"PATTY-EF,numeric/ipc-2023/sugar,pfile20.pddl,True,False,5030.0,3,103,668,1994,3,3,39,44,241,502,9,60,17.54,18,-1,-1"
"PATTY-EF,numeric/ipc-2023/tpp,p02.pddl,True,False,1220.0,2,9,107,297,2,2,6,10,50,57,1,9,5.28,0,-1,-1"
"PATTY-EF,numeric/ipc-2023/tpp,p04.pddl,True,False,1370.0,2,12,134,353,2,2,6,16,58,64,1,12,4.93,0,-1,-1"
"PATTY-EF,numeric/ipc-2023/tpp,p06.pddl,False,True,30000,-1,0,623,1917,4,-1,11,40,187,386,-1,-1,12.04,-1,-1,-1"
"PATTY-EF,numeric/ipc-2023/tpp,p07.pddl,False,True,30000,-1,0,654,1991,4,-1,11,44,193,396,-1,-1,11.88,-1,-1,-1"
"PATTY-EF,numeric/ipc-2023/tpp,p17.pddl,False,True,30000,-1,0,1629,4433,1,-1,21,203,811,811,-1,-1,11.16,-1,-1,-1"
"PATTY-EF,numeric/ipc-2023/tpp,p18.pddl,False,True,30000,-1,0,1685,4561,1,-1,21,213,829,829,-1,-1,11.1,-1,-1,-1"
"PATTY-EF,numeric/ipc-2023/tpp,p20.pddl,False,True,30000,-1,0,1809,4845,1,-1,21,235,869,869,-1,-1,11.03,-1,-1,-1"
"PATTY-EF,numeric/ipc-2023/tpp,p21.pddl,False,True,30000,-1,0,-1,-1,-1,-1,26,315,1262,-1,-1,-1,-1,-1,-1,-1"
"PATTY-EF,numeric/ipc-2023/tpp,p22.pddl,False,True,30000,-1,0,-1,-1,-1,-1,26,328,1286,-1,-1,-1,-1,-1,-1,-1"
"PATTY-EF,numeric/ipc-2023/tpp,p24.pddl,False,True,30000,-1,0,-1,-1,-1,-1,26,350,1326,-1,-1,-1,-1,-1,-1,-1"
"PATTY-EF,numeric/ipc-2023/tpp,p25.pddl,False,True,30000,-1,0,-1,-1,-1,-1,26,361,1346,-1,-1,-1,-1,-1,-1,-1"
"PATTY-EF,numeric/ipc-2023/tpp,p28.pddl,False,True,30000,-1,0,-1,-1,-1,-1,31,476,1855,-1,-1,-1,-1,-1,-1,-1"
"PATTY-EF,numeric/ipc-2023/tpp,p29.pddl,False,True,30000,-1,0,-1,-1,-1,-1,31,495,1891,-1,-1,-1,-1,-1,-1,-1"
"PATTY-EF,numeric/ipc-2023/tpp,p30.pddl,False,True,30000,-1,0,-1,-1,-1,-1,31,507,1913,-1,-1,-1,-1,-1,-1,-1"
"PATTY-EF,numeric/ipc-2023/tpp,p33.pddl,False,True,30000,-1,0,-1,-1,-1,-1,36,640,2508,-1,-1,-1,-1,-1,-1,-1"
"PATTY-EF,numeric/ipc-2023/tpp,p34.pddl,False,True,30000,-1,0,-1,-1,-1,-1,36,657,2540,-1,-1,-1,-1,-1,-1,-1"
"PATTY-EF,numeric/ipc-2023/tpp,p36.pddl,False,True,30000,-1,0,-1,-1,-1,-1,41,769,3145,-1,-1,-1,-1,-1,-1,-1"
"PATTY-EF,numeric/ipc-2023/tpp,p37.pddl,False,True,30000,-1,0,-1,-1,-1,-1,41,785,3175,-1,-1,-1,-1,-1,-1,-1"
"PATTY-EF,numeric/ipc-2023/tpp,p38.pddl,False,True,30000,-1,0,-1,-1,-1,-1,41,804,3211,-1,-1,-1,-1,-1,-1,-1"
"PATTY-EF,numeric/ipc-2023/tpp,p39.pddl,False,True,30000,-1,0,-1,-1,-1,-1,41,828,3257,-1,-1,-1,-1,-1,-1,-1"
"PATTY-EF,numeric/ipc-2023/zenotravel,pfile1.pddl,True,False,820.0,2,10,83,224,2,2,15,3,37,45,1,10,6.7,0,-1,-1"
"PATTY-EF,numeric/ipc-2023/zenotravel,pfile10.pddl,True,False,5020.0,2,30,593,1852,2,2,79,7,393,415,1,30,14.46,0,-1,-1"
"PATTY-EF,numeric/ipc-2023/zenotravel,pfile11.pddl,True,False,3990.0,1,19,650,2074,1,1,81,7,471,471,1,19,17.46,0,-1,-1"
"PATTY-EF,numeric/ipc-2023/zenotravel,pfile12.pddl,True,False,8320.0,2,35,727,2322,2,2,90,7,507,527,1,35,18.53,0,-1,-1"
"PATTY-EF,numeric/ipc-2023/zenotravel,pfile13.pddl,True,False,18830.0,3,42,855,2720,3,3,108,7,579,616,1,42,18.6,0,-1,-1"
"PATTY-EF,numeric/ipc-2023/zenotravel,pfile15.pddl,False,True,30000,-1,0,-1,-1,-1,-1,315,11,3245,-1,-1,-1,-1,-1,-1,-1"
"PATTY-EF,numeric/ipc-2023/zenotravel,pfile16.pddl,False,True,30000,-1,0,-1,-1,-1,-1,355,11,4065,-1,-1,-1,-1,-1,-1,-1"
"PATTY-EF,numeric/ipc-2023/zenotravel,pfile17.pddl,False,True,30000,-1,0,-1,-1,-1,-1,500,11,5765,-1,-1,-1,-1,-1,-1,-1"
"PATTY-EF,numeric/ipc-2023/zenotravel,pfile18.pddl,False,True,30000,-1,0,-1,-1,-1,-1,550,11,6845,-1,-1,-1,-1,-1,-1,-1"
"PATTY-EF,numeric/ipc-2023/zenotravel,pfile19.pddl,False,True,30000,-1,0,-1,-1,-1,-1,725,11,9005,-1,-1,-1,-1,-1,-1,-1"
"PATTY-EF,numeric/ipc-2023/zenotravel,pfile2.pddl,True,False,970.0,2,6,81,216,2,2,15,3,37,43,1,6,6.62,0,-1,-1"
"PATTY-EF,numeric/ipc-2023/zenotravel,pfile20.pddl,False,True,30000,-1,0,-1,-1,-1,-1,785,11,10345,-1,-1,-1,-1,-1,-1,-1"
"PATTY-EF,numeric/ipc-2023/zenotravel,pfile21.pddl,False,True,30000,-1,0,-1,-1,-1,-1,1025,11,13755,-1,-1,-1,-1,-1,-1,-1"
"PATTY-EF,numeric/ipc-2023/zenotravel,pfile22.pddl,False,True,30000,-1,0,-1,-1,-1,-1,1375,11,19505,-1,-1,-1,-1,-1,-1,-1"
"PATTY-EF,numeric/ipc-2023/zenotravel,pfile23.pddl,False,True,30000,-1,0,-1,-1,-1,-1,1775,1256,26255,-1,-1,-1,-1,-1,-1,-1"
"PATTY-EF,numeric/ipc-2023/zenotravel,pfile3.pddl,True,False,880.0,1,7,150,416,1,1,26,5,86,86,1,7,6.84,0,-1,-1"
"PATTY-EF,numeric/ipc-2023/zenotravel,pfile4.pddl,True,False,1440.0,2,10,181,506,2,2,31,5,98,105,1,10,7.18,0,-1,-1"
"PATTY-EF,numeric/ipc-2023/zenotravel,pfile5.pddl,True,False,1330.0,1,14,206,604,1,1,32,5,130,130,1,14,9.59,0,-1,-1"
"PATTY-EF,numeric/ipc-2023/zenotravel,pfile6.pddl,True,False,1960.0,2,21,248,732,2,2,38,5,146,158,1,21,10.26,0,-1,-1"
"PATTY-EF,numeric/ipc-2023/zenotravel,pfile8.pddl,True,False,2320.0,1,18,476,1486,1,1,63,7,333,333,1,18,13.94,0,-1,-1"
"PATTY-EF,numeric/line-exchange,3_10_50_10.pddl,True,False,1000.0,4,77,92,247,4,4,5,8,16,53,10,25,4.19,18,-1,-1"
"PATTY-EF,numeric/line-exchange,3_10_90_50.pddl,True,False,1000.0,3,180,70,177,3,3,5,8,16,35,27,22,3.21,12,-1,-1"
"PATTY-EF,numeric/line-exchange,3_15_25_100.pddl,True,False,880.0,5,447,93,248,5,5,5,8,16,53,100,31,3.99,23,-1,-1"
"PATTY-EF,numeric/line-exchange,3_15_90_10.pddl,True,False,860.0,5,108,85,224,5,5,5,8,16,48,20,26,4.05,21,-1,-1"
"PATTY-EF,numeric/line-exchange,3_5_50_50.pddl,True,False,1130.0,4,237,92,247,4,4,5,8,16,52,50,30,3.95,16,-1,-1"
"PATTY-EF,numeric/line-exchange,3_5_90_100.pddl,True,False,990.0,4,732,90,241,4,4,5,8,16,51,100,28,4.02,18,-1,-1"
"PATTY-EF,numeric/line-exchange,4_10_25_10.pddl,True,False,880.0,5,125,125,332,5,5,7,11,23,72,10,45,4.23,31,-1,-1"
"PATTY-EF,numeric/line-exchange,4_10_50_50.pddl,True,False,1540.0,6,477,160,445,6,6,7,11,23,98,50,56,4.88,38,-1,-1"
"PATTY-EF,numeric/line-exchange,4_10_90_100.pddl,True,False,970.0,3,457,104,267,3,3,7,11,23,55,52,32,3.55,22,-1,-1"
"PATTY-EF,numeric/line-exchange,4_15_50_10.pddl,True,False,1250.0,8,153,171,478,8,8,7,11,23,111,10,60,5.95,39,-1,-1"
"PATTY-EF,numeric/line-exchange,4_15_90_50.pddl,True,False,1270.0,5,423,148,407,5,5,7,11,23,89,50,48,4.65,33,-1,-1"
"PATTY-EF,numeric/line-exchange,4_5_25_50.pddl,True,False,1140.0,3,279,100,255,3,3,7,11,23,51,50,27,3.36,14,-1,-1"
"PATTY-EF,numeric/line-exchange,4_5_50_100.pddl,True,False,1340.0,6,661,148,407,6,6,7,11,23,91,100,46,4.98,27,-1,-1"
"PATTY-EF,numeric/line-exchange,5_10_25_50.pddl,True,False,1920.0,7,492,221,620,7,7,9,14,30,140,50,68,5.45,48,-1,-1"
"PATTY-EF,numeric/line-exchange,5_10_50_100.pddl,True,False,1770.0,8,1114,229,644,8,8,9,14,30,146,100,82,5.57,56,-1,-1"
"PATTY-EF,numeric/line-exchange,5_15_25_10.pddl,True,False,1800.0,8,297,236,667,8,8,9,14,30,152,15,93,5.84,59,-1,-1"
"PATTY-EF,numeric/line-exchange,5_15_50_50.pddl,True,False,1610.0,5,688,170,457,5,5,9,14,30,99,50,67,4.28,42,-1,-1"
"PATTY-EF,numeric/line-exchange,5_15_90_100.pddl,True,False,1440.0,5,913,168,451,5,5,9,14,30,97,100,62,4.19,41,-1,-1"
"PATTY-EF,numeric/line-exchange,5_5_25_100.pddl,True,False,1710.0,5,972,160,427,5,5,9,14,30,93,100,57,4.37,36,-1,-1"
"PATTY-EF,numeric/line-exchange,5_5_90_10.pddl,True,False,1060.0,5,186,162,433,5,5,9,14,30,93,10,62,4.23,40,-1,-1"
"PATTY-EG,numeric/ipc-2023/block-grouping,instance_100_20_5_1.pddl,True,False,1570.0,1,2018,160,401,1,0,0,40,80,80,99,80,2.0,79,-1,-1"
"PATTY-EG,numeric/ipc-2023/block-grouping,instance_100_25_6_2.pddl,True,False,1940.0,1,3443,200,501,1,0,0,50,100,100,99,100,2.0,100,-1,-1"
"PATTY-EG,numeric/ipc-2023/block-grouping,instance_11_10_2_3.pddl,True,False,770.0,1,151,80,201,1,0,0,20,40,40,9,40,1.99,40,-1,-1"
"PATTY-EG,numeric/ipc-2023/block-grouping,instance_11_30_7_2.pddl,True,False,1730.0,1,451,240,601,1,0,0,60,120,120,10,116,2.0,113,-1,-1"
"PATTY-EG,numeric/ipc-2023/block-grouping,instance_11_35_8_3.pddl,True,False,2380.0,1,486,280,701,1,0,0,70,140,140,10,133,2.0,124,-1,-1"
"PATTY-EG,numeric/ipc-2023/block-grouping,instance_11_40_10_1.pddl,True,False,3060.0,1,591,320,801,1,0,0,80,160,160,10,153,2.0,145,-1,-1"
"PATTY-EG,numeric/ipc-2023/block-grouping,instance_15_10_2_3.pddl,True,False,880.0,1,104,80,201,1,0,0,20,40,40,13,23,1.99,22,-1,-1"
"PATTY-EG,numeric/ipc-2023/block-grouping,instance_15_25_6_3.pddl,True,False,1500.0,1,386,200,501,1,0,0,50,100,100,14,96,2.0,96,-1,-1"
"PATTY-EG,numeric/ipc-2023/block-grouping,instance_20_10_2_1.pddl,True,False,1160.0,1,190,80,201,1,0,0,20,40,40,16,40,1.99,40,-1,-1"
"PATTY-EG,numeric/ipc-2023/block-grouping,instance_20_10_2_3.pddl,True,False,1140.0,1,296,80,201,1,0,0,20,40,40,19,37,1.99,37,-1,-1"
"PATTY-EG,numeric/ipc-2023/block-grouping,instance_20_15_3_2.pddl,True,False,1120.0,1,294,120,301,1,0,0,30,60,60,14,60,1.99,59,-1,-1"
"PATTY-EG,numeric/ipc-2023/block-grouping,instance_20_30_7_2.pddl,True,False,2360.0,1,744,240,601,1,0,0,60,120,120,18,115,2.0,113,-1,-1"
"PATTY-EG,numeric/ipc-2023/block-grouping,instance_20_40_10_2.pddl,True,False,3020.0,1,974,320,801,1,0,0,80,160,160,19,152,2.0,142,-1,-1"
"PATTY-EG,numeric/ipc-2023/block-grouping,instance_20_5_2_1.pddl,True,False,660.0,1,132,40,101,1,0,0,10,20,20,18,20,1.98,20,-1,-1"
"PATTY-EG,numeric/ipc-2023/block-grouping,instance_20_5_2_2.pddl,True,False,1040.0,1,84,40,101,1,0,0,10,20,20,15,19,1.98,19,-1,-1"
"PATTY-EG,numeric/ipc-2023/block-grouping,instance_25_15_3_1.pddl,True,False,1120.0,1,610,120,301,1,0,0,30,60,60,24,60,1.99,60,-1,-1"
"PATTY-EG,numeric/ipc-2023/block-grouping,instance_25_35_8_1.pddl,True,False,3420.0,1,1139,280,701,1,0,0,70,140,140,24,139,2.0,137,-1,-1"
"PATTY-EG,numeric/ipc-2023/block-grouping,instance_25_40_10_3.pddl,True,False,5000.0,1,1269,320,801,1,0,0,80,160,160,24,152,2.0,147,-1,-1"
"PATTY-EG,numeric/ipc-2023/block-grouping,instance_5_25_6_1.pddl,True,False,1440.0,1,207,200,501,1,0,0,50,100,100,4,90,2.0,72,-1,-1"
"PATTY-EG,numeric/ipc-2023/block-grouping,instance_7_10_2_1.pddl,True,False,780.0,1,129,80,201,1,0,0,20,40,40,6,40,1.99,40,-1,-1"
"PATTY-EG,numeric/ipc-2023/counters,fz_instance_12.pddl,True,False,670.0,1,110,48,121,1,0,0,12,24,24,13,22,1.98,22,-1,-1"
"PATTY-EG,numeric/ipc-2023/counters,fz_instance_4.pddl,True,False,1000.0,1,18,16,41,1,0,0,4,8,8,5,6,1.95,6,-1,-1"
"PATTY-EG,numeric/ipc-2023/counters,fz_instance_40.pddl,True,False,1080.0,1,936,160,401,1,0,0,40,80,80,41,78,2.0,78,-1,-1"
"PATTY-EG,numeric/ipc-2023/counters,inv_instance_12.pddl,True,False,630.0,1,175,48,121,1,0,0,12,24,24,24,24,1.98,24,-1,-1"
"PATTY-EG,numeric/ipc-2023/counters,inv_instance_16.pddl,True,False,810.0,1,287,64,161,1,0,0,16,32,32,32,32,1.99,32,-1,-1"
"PATTY-EG,numeric/ipc-2023/counters,inv_instance_36.pddl,True,False,1060.0,1,1251,144,361,1,0,0,36,72,72,72,72,1.99,72,-1,-1"
"PATTY-EG,numeric/ipc-2023/counters,inv_instance_4.pddl,True,False,680.0,1,29,16,41,1,0,0,4,8,8,8,8,1.95,8,-1,-1"
"PATTY-EG,numeric/ipc-2023/counters,rnd_instance_12_3.pddl,True,False,880.0,1,149,48,121,1,0,0,12,24,24,15,23,1.98,23,-1,-1"
"PATTY-EG,numeric/ipc-2023/counters,rnd_instance_20_1.pddl,True,False,890.0,1,336,80,201,1,0,0,20,40,40,38,39,1.99,39,-1,-1"
"PATTY-EG,numeric/ipc-2023/counters,rnd_instance_24_1.pddl,True,False,1020.0,1,528,96,241,1,0,0,24,48,48,48,48,1.99,48,-1,-1"
"PATTY-EG,numeric/ipc-2023/counters,rnd_instance_28_1.pddl,True,False,980.0,1,732,112,281,1,0,0,28,56,56,52,55,1.99,55,-1,-1"
"PATTY-EG,numeric/ipc-2023/counters,rnd_instance_32_1.pddl,True,False,1140.0,1,900,128,321,1,0,0,32,64,64,64,64,1.99,64,-1,-1"
"PATTY-EG,numeric/ipc-2023/counters,rnd_instance_32_2.pddl,True,False,780.0,1,882,128,321,1,0,0,32,64,64,62,62,1.99,62,-1,-1"
"PATTY-EG,numeric/ipc-2023/counters,rnd_instance_36_2.pddl,True,False,1260.0,1,1014,144,361,1,0,0,36,72,72,68,71,1.99,71,-1,-1"
"PATTY-EG,numeric/ipc-2023/counters,rnd_instance_40_1.pddl,True,False,1130.0,1,1052,160,401,1,0,0,40,80,80,66,80,2.0,80,-1,-1"
"PATTY-EG,numeric/ipc-2023/counters,rnd_instance_40_2.pddl,True,False,860.0,1,1235,160,401,1,0,0,40,80,80,75,79,2.0,79,-1,-1"
"PATTY-EG,numeric/ipc-2023/counters,rnd_instance_40_3.pddl,True,False,860.0,1,1042,160,401,1,0,0,40,80,80,60,80,2.0,80,-1,-1"
"PATTY-EG,numeric/ipc-2023/counters,rnd_instance_4_1.pddl,True,False,700.0,1,22,16,41,1,0,0,4,8,8,7,6,1.95,6,-1,-1"
"PATTY-EG,numeric/ipc-2023/counters,rnd_instance_8_2.pddl,True,False,770.0,1,78,32,81,1,0,0,8,16,16,15,15,1.98,15,-1,-1"
"PATTY-EG,numeric/ipc-2023/counters,rnd_instance_8_3.pddl,True,False,880.0,1,76,32,81,1,0,0,8,16,16,13,16,1.98,16,-1,-1"
"PATTY-EG,numeric/ipc-2023/delivery,prob01.pddl,True,False,1330.0,1,12,234,646,1,0,46,3,136,136,1,12,10.4,0,-1,-1"
"PATTY-EG,numeric/ipc-2023/delivery,prob02.pddl,True,False,2370.0,2,21,534,1738,2,1,64,3,200,400,1,21,24.8,0,-1,-1"
"PATTY-EG,numeric/ipc-2023/delivery,prob03.pddl,True,False,4450.0,2,22,698,2286,2,1,82,3,264,528,1,22,31.31,0,-1,-1"
"PATTY-EG,numeric/ipc-2023/delivery,prob04.pddl,True,False,26120.0,3,36,1746,6178,3,2,132,3,492,1476,1,36,79.78,0,-1,-1"
"PATTY-EG,numeric/ipc-2023/delivery,prob05.pddl,True,False,23170.0,3,34,1418,4950,3,2,118,3,392,1176,1,34,64.65,0,-1,-1"
"PATTY-EG,numeric/ipc-2023/delivery,prob06.pddl,False,True,30000,-1,0,1462,4922,2,1,152,3,576,1152,-1,-1,67.1,-1,-1,-1"
"PATTY-EG,numeric/ipc-2023/delivery,prob07.pddl,False,True,30000,-1,0,1662,5602,2,1,172,3,656,1312,-1,-1,75.91,-1,-1,-1"
"PATTY-EG,numeric/ipc-2023/delivery,prob08.pddl,False,True,30000,-1,0,1862,6282,2,1,192,3,736,1472,-1,-1,84.72,-1,-1,-1"
"PATTY-EG,numeric/ipc-2023/delivery,prob09.pddl,False,True,30000,-1,0,1454,4398,1,0,234,3,980,980,-1,-1,60.31,-1,-1,-1"
"PATTY-EG,numeric/ipc-2023/delivery,prob10.pddl,False,True,30000,-1,0,2280,7127,1,0,329,4,1614,1614,-1,-1,67.45,-1,-1,-1"
"PATTY-EG,numeric/ipc-2023/delivery,prob11.pddl,False,True,30000,-1,0,1706,5171,1,0,274,2,1154,1154,-1,-1,73.24,-1,-1,-1"
"PATTY-EG,numeric/ipc-2023/delivery,prob12.pddl,False,True,30000,-1,0,2665,8331,1,0,385,4,1887,1887,-1,-1,76.36,-1,-1,-1"
"PATTY-EG,numeric/ipc-2023/delivery,prob13.pddl,False,True,30000,-1,0,-1,-1,-1,-1,413,4,2031,-1,-1,-1,-1,-1,-1,-1"
"PATTY-EG,numeric/ipc-2023/delivery,prob14.pddl,False,True,30000,-1,0,-1,-1,-1,-1,474,4,2541,-1,-1,-1,-1,-1,-1,-1"
"PATTY-EG,numeric/ipc-2023/delivery,prob15.pddl,False,True,30000,-1,0,-1,-1,-1,-1,504,4,2709,-1,-1,-1,-1,-1,-1,-1"
"PATTY-EG,numeric/ipc-2023/delivery,prob16.pddl,False,True,30000,-1,0,-1,-1,-1,-1,639,4,4305,-1,-1,-1,-1,-1,-1,-1"
"PATTY-EG,numeric/ipc-2023/delivery,prob17.pddl,False,True,30000,-1,0,-1,-1,-1,-1,675,4,4557,-1,-1,-1,-1,-1,-1,-1"
"PATTY-EG,numeric/ipc-2023/delivery,prob18.pddl,False,True,30000,-1,0,-1,-1,-1,-1,711,4,4809,-1,-1,-1,-1,-1,-1,-1"
"PATTY-EG,numeric/ipc-2023/delivery,prob19.pddl,False,True,30000,-1,0,-1,-1,-1,-1,747,4,5061,-1,-1,-1,-1,-1,-1,-1"
"PATTY-EG,numeric/ipc-2023/delivery,prob20.pddl,False,True,30000,-1,0,-1,-1,-1,-1,783,4,5313,-1,-1,-1,-1,-1,-1,-1"
"PATTY-EG,numeric/ipc-2023/drone,problem_10_10_3.pddl,False,True,30000,-1,0,1840,4313,4,3,300,4,307,1228,-1,-1,96.83,-1,-1,-1"
"PATTY-EG,numeric/ipc-2023/drone,problem_1_1_2.pddl,True,False,700.0,3,19,42,111,3,2,2,4,9,27,9,9,6.25,3,-1,-1"
"PATTY-EG,numeric/ipc-2023/drone,problem_1_1_4.pddl,True,False,1220.0,5,27,76,205,5,4,4,4,11,55,13,12,9.99,3,-1,-1"
"PATTY-EG,numeric/ipc-2023/drone,problem_1_8_1.pddl,True,False,2420.0,9,43,168,465,9,8,8,4,15,135,21,17,18.12,4,-1,-1"
"PATTY-EG,numeric/ipc-2023/drone,problem_1_9_3.pddl,False,True,30000,-1,0,447,1226,11,10,27,4,34,374,-1,-1,30.87,-1,-1,-1"
"PATTY-EG,numeric/ipc-2023/drone,problem_2_5_4.pddl,False,True,30000,-1,0,568,1537,10,9,40,4,47,470,-1,-1,33.96,-1,-1,-1"
"PATTY-EG,numeric/ipc-2023/drone,problem_2_8_3.pddl,False,True,30000,-1,0,664,1793,10,9,48,4,55,550,-1,-1,36.78,-1,-1,-1"
"PATTY-EG,numeric/ipc-2023/drone,problem_2_9_1.pddl,False,True,30000,-1,0,330,911,11,10,18,4,25,275,-1,-1,26.89,-1,-1,-1"
"PATTY-EG,numeric/ipc-2023/drone,problem_3_3_4.pddl,False,True,30000,-1,0,520,1409,10,9,36,4,43,430,-1,-1,32.51,-1,-1,-1"
"PATTY-EG,numeric/ipc-2023/drone,problem_4_2_5.pddl,False,True,30000,-1,0,568,1537,10,9,40,4,47,470,-1,-1,33.96,-1,-1,-1"
"PATTY-EG,numeric/ipc-2023/drone,problem_4_9_5.pddl,False,True,30000,-1,0,1684,4325,7,6,180,4,187,1309,-1,-1,71.93,-1,-1,-1"
"PATTY-EG,numeric/ipc-2023/drone,problem_5_10_1.pddl,False,True,30000,-1,0,688,1857,10,9,50,4,57,570,-1,-1,37.47,-1,-1,-1"
"PATTY-EG,numeric/ipc-2023/drone,problem_5_2_2.pddl,False,True,30000,-1,0,356,981,11,10,20,4,27,297,-1,-1,27.83,-1,-1,-1"
"PATTY-EG,numeric/ipc-2023/drone,problem_6_8_1.pddl,False,True,30000,-1,0,664,1793,10,9,48,4,55,550,-1,-1,36.78,-1,-1,-1"
"PATTY-EG,numeric/ipc-2023/drone,problem_7_6_4.pddl,False,True,30000,-1,0,1576,4049,7,6,168,4,175,1225,-1,-1,68.25,-1,-1,-1"
"PATTY-EG,numeric/ipc-2023/drone,problem_8_1_2.pddl,False,True,30000,-1,0,280,769,10,9,16,4,23,230,-1,-1,24.25,-1,-1,-1"
"PATTY-EG,numeric/ipc-2023/drone,problem_8_1_4.pddl,False,True,30000,-1,0,472,1281,10,9,32,4,39,390,-1,-1,31.02,-1,-1,-1"
"PATTY-EG,numeric/ipc-2023/drone,problem_8_1_5.pddl,False,True,30000,-1,0,568,1537,10,9,40,4,47,470,-1,-1,33.96,-1,-1,-1"
"PATTY-EG,numeric/ipc-2023/drone,problem_8_7_1.pddl,False,True,30000,-1,0,760,2049,10,9,56,4,63,630,-1,-1,39.52,-1,-1,-1"
"PATTY-EG,numeric/ipc-2023/drone,problem_9_7_3.pddl,False,True,30000,-1,0,1765,4532,7,6,189,4,196,1372,-1,-1,74.69,-1,-1,-1"
"PATTY-EG,numeric/ipc-2023/expedition,pfile1.pddl,True,False,2450.0,3,32,340,1003,3,2,24,14,88,264,4,22,37.79,5,-1,-1"
"PATTY-EG,numeric/ipc-2023/expedition,pfile10.pddl,False,True,30000,-1,0,1252,3963,5,4,56,30,216,1080,-1,-1,150.52,-1,-1,-1"
"PATTY-EG,numeric/ipc-2023/expedition,pfile11.pddl,True,False,2270.0,3,38,172,505,3,2,12,8,44,132,4,20,20.35,8,-1,-1"
"PATTY-EG,numeric/ipc-2023/expedition,pfile12.pddl,False,True,30000,-1,0,558,1728,4,3,30,17,116,464,-1,-1,65.56,-1,-1,-1"
"PATTY-EG,numeric/ipc-2023/expedition,pfile13.pddl,False,True,30000,-1,0,306,956,5,4,14,9,52,260,-1,-1,38.81,-1,-1,-1"
"PATTY-EG,numeric/ipc-2023/expedition,pfile14.pddl,False,True,30000,-1,0,352,1103,5,4,16,10,60,300,-1,-1,44.24,-1,-1,-1"
"PATTY-EG,numeric/ipc-2023/expedition,pfile15.pddl,False,True,30000,-1,0,398,1250,5,4,18,11,68,340,-1,-1,49.68,-1,-1,-1"
"PATTY-EG,numeric/ipc-2023/expedition,pfile16.pddl,False,True,30000,-1,0,444,1397,5,4,20,12,76,380,-1,-1,55.12,-1,-1,-1"
"PATTY-EG,numeric/ipc-2023/expedition,pfile17.pddl,False,True,30000,-1,0,490,1544,5,4,22,13,84,420,-1,-1,60.56,-1,-1,-1"
"PATTY-EG,numeric/ipc-2023/expedition,pfile18.pddl,False,True,30000,-1,0,536,1691,5,4,24,14,92,460,-1,-1,66.0,-1,-1,-1"
"PATTY-EG,numeric/ipc-2023/expedition,pfile19.pddl,False,True,30000,-1,0,482,1490,4,3,26,15,100,400,-1,-1,56.95,-1,-1,-1"
"PATTY-EG,numeric/ipc-2023/expedition,pfile2.pddl,False,True,30000,-1,0,1112,3449,4,3,60,32,232,928,-1,-1,128.04,-1,-1,-1"
"PATTY-EG,numeric/ipc-2023/expedition,pfile20.pddl,False,True,30000,-1,0,520,1609,4,3,28,16,108,432,-1,-1,61.25,-1,-1,-1"
"PATTY-EG,numeric/ipc-2023/expedition,pfile3.pddl,True,False,24680.0,6,74,712,2265,6,5,28,16,104,624,4,42,89.52,15,-1,-1"
"PATTY-EG,numeric/ipc-2023/expedition,pfile4.pddl,False,True,30000,-1,0,820,2615,6,5,32,18,120,720,-1,-1,102.67,-1,-1,-1"
"PATTY-EG,numeric/ipc-2023/expedition,pfile5.pddl,False,True,30000,-1,0,928,2965,6,5,36,20,136,816,-1,-1,115.83,-1,-1,-1"
"PATTY-EG,numeric/ipc-2023/expedition,pfile6.pddl,False,True,30000,-1,0,884,2787,5,4,40,22,152,760,-1,-1,107.0,-1,-1,-1"
"PATTY-EG,numeric/ipc-2023/expedition,pfile7.pddl,False,True,30000,-1,0,976,3081,5,4,44,24,168,840,-1,-1,117.88,-1,-1,-1"
"PATTY-EG,numeric/ipc-2023/expedition,pfile8.pddl,False,True,30000,-1,0,1068,3375,5,4,48,26,184,920,-1,-1,128.76,-1,-1,-1"
"PATTY-EG,numeric/ipc-2023/expedition,pfile9.pddl,False,True,30000,-1,0,1160,3669,5,4,52,28,200,1000,-1,-1,139.64,-1,-1,-1"
"PATTY-EG,numeric/ipc-2023/ext-plant-watering,instance_10_11_2_1.pddl,False,True,30000,-1,0,360,1028,8,7,0,20,40,320,-1,-1,41.37,-1,-1,-1"
"PATTY-EG,numeric/ipc-2023/ext-plant-watering,instance_10_17_2_1.pddl,False,True,30000,-1,0,416,1178,7,6,0,26,52,364,-1,-1,48.49,-1,-1,-1"
"PATTY-EG,numeric/ipc-2023/ext-plant-watering,instance_10_5_2_1.pddl,True,False,3050.0,7,207,224,638,7,6,0,14,28,196,8,69,25.45,48,-1,-1"
"PATTY-EG,numeric/ipc-2023/ext-plant-watering,instance_10_7_2_1.pddl,True,False,15710.0,9,406,320,920,9,8,0,16,32,288,9,119,36.63,100,-1,-1"
"PATTY-EG,numeric/ipc-2023/ext-plant-watering,instance_11_17_2_1.pddl,False,True,30000,-1,0,416,1178,7,6,0,26,52,364,-1,-1,48.42,-1,-1,-1"
"PATTY-EG,numeric/ipc-2023/ext-plant-watering,instance_11_5_2_1.pddl,True,False,3430.0,7,190,224,638,7,6,0,14,28,196,8,46,25.45,32,-1,-1"
"PATTY-EG,numeric/ipc-2023/ext-plant-watering,instance_12_15_2_1.pddl,False,True,30000,-1,0,384,1088,7,6,0,24,48,336,-1,-1,44.44,-1,-1,-1"
"PATTY-EG,numeric/ipc-2023/ext-plant-watering,instance_12_17_2_1.pddl,False,True,30000,-1,0,416,1178,7,6,0,26,52,364,-1,-1,48.49,-1,-1,-1"
"PATTY-EG,numeric/ipc-2023/ext-plant-watering,instance_12_19_2_1.pddl,False,True,30000,-1,0,448,1268,7,6,0,28,56,392,-1,-1,52.56,-1,-1,-1"
"PATTY-EG,numeric/ipc-2023/ext-plant-watering,instance_12_7_2_1.pddl,True,False,8440.0,8,445,288,824,8,7,0,16,32,256,11,107,32.78,101,-1,-1"
"PATTY-EG,numeric/ipc-2023/ext-plant-watering,instance_13_13_2_1.pddl,False,True,30000,-1,0,396,1130,8,7,0,22,44,352,-1,-1,45.97,-1,-1,-1"
"PATTY-EG,numeric/ipc-2023/ext-plant-watering,instance_13_15_2_1.pddl,False,True,30000,-1,0,432,1232,8,7,0,24,48,384,-1,-1,50.56,-1,-1,-1"
"PATTY-EG,numeric/ipc-2023/ext-plant-watering,instance_13_9_2_1.pddl,False,True,30000,-1,0,324,926,8,7,0,18,36,288,-1,-1,37.07,-1,-1,-1"
"PATTY-EG,numeric/ipc-2023/ext-plant-watering,instance_14_13_2_1.pddl,False,True,30000,-1,0,396,1130,8,7,0,22,44,352,-1,-1,45.93,-1,-1,-1"
"PATTY-EG,numeric/ipc-2023/ext-plant-watering,instance_14_17_2_1.pddl,False,True,30000,-1,0,416,1178,7,6,0,26,52,364,-1,-1,48.49,-1,-1,-1"
"PATTY-EG,numeric/ipc-2023/ext-plant-watering,instance_14_19_2_1.pddl,False,True,30000,-1,0,448,1268,7,6,0,28,56,392,-1,-1,52.59,-1,-1,-1"
"PATTY-EG,numeric/ipc-2023/ext-plant-watering,instance_15_15_2_1.pddl,False,True,30000,-1,0,384,1088,7,6,0,24,48,336,-1,-1,44.44,-1,-1,-1"
"PATTY-EG,numeric/ipc-2023/ext-plant-watering,instance_15_17_2_1.pddl,False,True,30000,-1,0,416,1178,7,6,0,26,52,364,-1,-1,48.49,-1,-1,-1"
"PATTY-EG,numeric/ipc-2023/ext-plant-watering,instance_15_19_2_1.pddl,False,True,30000,-1,0,448,1268,7,6,0,28,56,392,-1,-1,52.59,-1,-1,-1"
"PATTY-EG,numeric/ipc-2023/ext-plant-watering,instance_15_7_2_1.pddl,True,False,14320.0,7,378,256,728,7,6,0,16,32,224,12,117,28.86,98,-1,-1"
"PATTY-EG,numeric/ipc-2023/farmland,instance_10_500_1229.pddl,True,False,9290.0,1,596,74,190,1,0,0,11,52,52,380,31,4.97,24,-1,-1"
"PATTY-EG,numeric/ipc-2023/farmland,instance_10_700_1229.pddl,True,False,6170.0,1,759,74,190,1,0,0,11,52,52,550,32,4.97,26,-1,-1"
"PATTY-EG,numeric/ipc-2023/farmland,instance_2_300_1229.pddl,True,False,950.0,1,193,10,22,1,0,0,3,4,4,187,4,2.55,4,-1,-1"
"PATTY-EG,numeric/ipc-2023/farmland,instance_2_600_1229.pddl,True,False,630.0,1,364,10,22,1,0,0,3,4,4,358,4,2.55,4,-1,-1"
"PATTY-EG,numeric/ipc-2023/farmland,instance_2_700_1229.pddl,True,False,970.0,1,422,10,22,1,0,0,3,4,4,416,4,2.55,4,-1,-1"
"PATTY-EG,numeric/ipc-2023/farmland,instance_4_200_1229.pddl,True,False,970.0,1,229,26,64,1,0,0,5,16,16,176,14,4.0,14,-1,-1"
"PATTY-EG,numeric/ipc-2023/farmland,instance_4_300_1229.pddl,True,False,670.0,1,321,26,64,1,0,0,5,16,16,289,13,4.0,12,-1,-1"
"PATTY-EG,numeric/ipc-2023/farmland,instance_4_400_1229.pddl,True,False,750.0,1,418,26,64,1,0,0,5,16,16,380,14,4.0,14,-1,-1"
"PATTY-EG,numeric/ipc-2023/farmland,instance_4_600_1229.pddl,True,False,870.0,1,555,26,64,1,0,0,5,16,16,462,15,4.0,14,-1,-1"
"PATTY-EG,numeric/ipc-2023/farmland,instance_4_700_1229.pddl,True,False,680.0,1,725,26,64,1,0,0,5,16,16,689,13,4.0,13,-1,-1"
"PATTY-EG,numeric/ipc-2023/farmland,instance_4_800_1229.pddl,True,False,990.0,1,954,26,64,1,0,0,5,16,16,572,14,4.0,14,-1,-1"
"PATTY-EG,numeric/ipc-2023/farmland,instance_6_100_1229.pddl,True,False,3400.0,1,255,42,106,1,0,0,7,28,28,81,19,4.62,12,-1,-1"
"PATTY-EG,numeric/ipc-2023/farmland,instance_6_200_1229.pddl,True,False,1670.0,1,509,42,106,1,0,0,7,28,28,184,21,4.62,18,-1,-1"
"PATTY-EG,numeric/ipc-2023/farmland,instance_6_400_1229.pddl,True,False,1270.0,1,1048,42,106,1,0,0,7,28,28,368,20,4.62,17,-1,-1"
"PATTY-EG,numeric/ipc-2023/farmland,instance_6_500_1229.pddl,True,False,1550.0,1,1198,42,106,1,0,0,7,28,28,468,18,4.62,15,-1,-1"
"PATTY-EG,numeric/ipc-2023/farmland,instance_6_600_1229.pddl,True,False,1090.0,1,1426,42,106,1,0,0,7,28,28,476,16,4.62,16,-1,-1"
"PATTY-EG,numeric/ipc-2023/farmland,instance_6_900_1229.pddl,True,False,1640.0,1,2558,42,106,1,0,0,7,28,28,464,24,4.62,23,-1,-1"
"PATTY-EG,numeric/ipc-2023/farmland,instance_8_200_1229.pddl,True,False,3000.0,1,480,58,148,1,0,0,9,40,40,160,22,4.78,20,-1,-1"
"PATTY-EG,numeric/ipc-2023/farmland,instance_8_400_1229.pddl,True,False,7210.0,1,438,58,148,1,0,0,9,40,40,318,27,4.78,18,-1,-1"
"PATTY-EG,numeric/ipc-2023/farmland,instance_8_700_1229.pddl,True,False,7110.0,1,736,58,148,1,0,0,9,40,40,552,30,4.78,22,-1,-1"
"PATTY-EG,numeric/ipc-2023/fo-farmland,instance_10_100_1229.pddl,True,False,5990.0,1,147,77,186,1,0,0,12,53,53,43,28,6.12,21,-1,-1"
"PATTY-EG,numeric/ipc-2023/fo-farmland,instance_10_200_1229.pddl,True,False,6870.0,1,318,77,186,1,0,0,12,53,53,88,28,6.12,13,-1,-1"
"PATTY-EG,numeric/ipc-2023/fo-farmland,instance_10_400_1229.pddl,True,False,3910.0,1,939,77,186,1,0,0,12,53,53,186,26,6.12,21,-1,-1"
"PATTY-EG,numeric/ipc-2023/fo-farmland,instance_2_200_1229.pddl,True,False,660.0,1,201,13,26,1,0,0,4,5,5,194,5,2.88,4,-1,-1"
"PATTY-EG,numeric/ipc-2023/fo-farmland,instance_2_400_1229.pddl,True,False,750.0,1,401,13,26,1,0,0,4,5,5,394,5,2.88,4,-1,-1"
"PATTY-EG,numeric/ipc-2023/fo-farmland,instance_4_1000_1229.pddl,True,False,1750.0,1,1180,29,66,1,0,0,6,17,17,746,9,4.8,8,-1,-1"
"PATTY-EG,numeric/ipc-2023/fo-farmland,instance_4_300_1229.pddl,True,False,900.0,1,714,29,66,1,0,0,6,17,17,197,12,4.8,11,-1,-1"
"PATTY-EG,numeric/ipc-2023/fo-farmland,instance_4_400_1229.pddl,True,False,1190.0,1,985,29,66,1,0,0,6,17,17,400,10,4.8,8,-1,-1"
"PATTY-EG,numeric/ipc-2023/fo-farmland,instance_4_800_1229.pddl,True,False,1230.0,1,495,29,66,1,0,0,6,17,17,459,12,4.8,9,-1,-1"
"PATTY-EG,numeric/ipc-2023/fo-farmland,instance_6_100_1229.pddl,True,False,3040.0,1,188,45,106,1,0,0,8,29,29,55,22,5.56,18,-1,-1"
"PATTY-EG,numeric/ipc-2023/fo-farmland,instance_6_400_1229.pddl,True,False,1360.0,1,894,45,106,1,0,0,8,29,29,386,13,5.56,10,-1,-1"
"PATTY-EG,numeric/ipc-2023/fo-farmland,instance_6_600_1229.pddl,True,False,1870.0,1,1296,45,106,1,0,0,8,29,29,578,21,5.56,13,-1,-1"
"PATTY-EG,numeric/ipc-2023/fo-farmland,instance_6_800_1229.pddl,True,False,1720.0,1,872,45,106,1,0,0,8,29,29,799,17,5.56,13,-1,-1"
"PATTY-EG,numeric/ipc-2023/fo-farmland,instance_6_900_1229.pddl,True,False,2240.0,1,2497,45,106,1,0,0,8,29,29,888,19,5.56,14,-1,-1"
"PATTY-EG,numeric/ipc-2023/fo-farmland,instance_8_300_1229.pddl,True,False,2140.0,1,630,61,146,1,0,0,10,41,41,295,18,5.8,11,-1,-1"
"PATTY-EG,numeric/ipc-2023/fo-farmland,instance_8_400_1229.pddl,True,False,1460.0,1,847,61,146,1,0,0,10,41,41,353,20,5.8,16,-1,-1"
"PATTY-EG,numeric/ipc-2023/fo-farmland,instance_8_500_1229.pddl,True,False,3630.0,1,1148,61,146,1,0,0,10,41,41,500,21,5.8,8,-1,-1"
"PATTY-EG,numeric/ipc-2023/fo-farmland,instance_8_600_1229.pddl,True,False,6370.0,1,1718,61,146,1,0,0,10,41,41,579,17,5.8,12,-1,-1"
"PATTY-EG,numeric/ipc-2023/fo-farmland,instance_8_700_1229.pddl,True,False,2050.0,1,1176,61,146,1,0,0,10,41,41,543,22,5.8,14,-1,-1"
"PATTY-EG,numeric/ipc-2023/fo-farmland,instance_8_900_1229.pddl,True,False,2780.0,1,234,61,146,1,0,0,10,41,41,67,28,5.8,19,-1,-1"
"PATTY-EG,numeric/ipc-2023/fo-sailing,instance_1_1_1229.pddl,True,False,940.0,1,177,18,42,1,0,1,3,10,10,168,5,1.9,4,-1,-1"
"PATTY-EG,numeric/ipc-2023/fo-sailing,instance_1_2_1229.pddl,True,False,690.0,2,196,32,83,2,1,2,3,11,22,156,9,3.02,4,-1,-1"
"PATTY-EG,numeric/ipc-2023/fo-sailing,instance_1_3_1229.pddl,True,False,14320.0,3,3263,48,132,3,2,3,3,12,36,1157,20,4.38,12,-1,-1"
"PATTY-EG,numeric/ipc-2023/fo-sailing,instance_1_4_1229.pddl,False,True,30000,-1,0,66,189,4,3,4,3,13,52,-1,-1,5.9,-1,-1,-1"
"PATTY-EG,numeric/ipc-2023/fo-sailing,instance_2_1_1229.pddl,True,False,870.0,1,298,34,81,1,0,1,6,20,20,178,5,1.93,3,-1,-1"
"PATTY-EG,numeric/ipc-2023/fo-sailing,instance_2_2_1229.pddl,True,False,720.0,1,203,38,91,1,0,2,6,22,22,88,6,2.4,4,-1,-1"
"PATTY-EG,numeric/ipc-2023/fo-sailing,instance_2_3_1229.pddl,True,False,1810.0,2,889,66,179,2,1,3,6,24,48,150,27,3.63,22,-1,-1"
"PATTY-EG,numeric/ipc-2023/fo-sailing,instance_2_4_1229.pddl,True,False,5620.0,2,1923,72,197,2,1,4,6,26,52,407,28,4.09,15,-1,-1"
"PATTY-EG,numeric/ipc-2023/fo-sailing,instance_3_1_1229.pddl,True,False,880.0,1,186,50,120,1,0,1,9,30,30,177,7,1.93,4,-1,-1"
"PATTY-EG,numeric/ipc-2023/fo-sailing,instance_3_2_1229.pddl,True,False,770.0,1,323,55,134,1,0,2,9,33,33,175,8,2.41,6,-1,-1"
"PATTY-EG,numeric/ipc-2023/fo-sailing,instance_3_3_1229.pddl,True,False,980.0,1,302,60,148,1,0,3,9,36,36,77,16,2.8,13,-1,-1"
"PATTY-EG,numeric/ipc-2023/fo-sailing,instance_3_4_1229.pddl,True,False,29140.0,2,2931,104,291,2,1,4,9,39,78,1022,34,4.13,22,-1,-1"
"PATTY-EG,numeric/ipc-2023/fo-sailing,instance_4_1_1229.pddl,True,False,1030.0,1,318,66,159,1,0,1,12,40,40,177,12,1.94,10,-1,-1"
"PATTY-EG,numeric/ipc-2023/fo-sailing,instance_4_2_1229.pddl,True,False,1000.0,1,306,72,177,1,0,2,12,44,44,96,19,2.42,15,-1,-1"
"PATTY-EG,numeric/ipc-2023/fo-sailing,instance_4_3_1229.pddl,True,False,1100.0,1,323,78,195,1,0,3,12,48,48,93,16,2.81,11,-1,-1"
"PATTY-EG,numeric/ipc-2023/fo-sailing,instance_4_4_1229.pddl,True,False,1100.0,1,567,84,213,1,0,4,12,52,52,144,22,3.14,16,-1,-1"
"PATTY-EG,numeric/ipc-2023/fo-sailing,instance_5_1_1229.pddl,True,False,1100.0,1,206,82,198,1,0,1,15,50,50,40,22,1.94,18,-1,-1"
"PATTY-EG,numeric/ipc-2023/fo-sailing,instance_5_2_1229.pddl,True,False,1220.0,1,551,89,220,1,0,2,15,55,55,100,36,2.42,30,-1,-1"
"PATTY-EG,numeric/ipc-2023/fo-sailing,instance_5_3_1229.pddl,True,False,1460.0,1,893,96,242,1,0,3,15,60,60,231,33,2.82,27,-1,-1"
"PATTY-EG,numeric/ipc-2023/fo-sailing,instance_5_4_1229.pddl,True,False,870.0,1,323,103,264,1,0,4,15,65,65,53,23,3.15,16,-1,-1"
"PATTY-EG,numeric/ipc-2023/fo_counters,instance_10.pddl,True,False,700.0,1,69,82,184,1,0,0,21,40,40,10,24,2.68,12,-1,-1"
"PATTY-EG,numeric/ipc-2023/fo_counters,instance_11.pddl,True,False,840.0,1,104,90,202,1,0,0,23,44,44,11,28,2.69,19,-1,-1"
"PATTY-EG,numeric/ipc-2023/fo_counters,instance_12.pddl,True,False,1060.0,1,116,98,220,1,0,0,25,48,48,13,27,2.69,21,-1,-1"
"PATTY-EG,numeric/ipc-2023/fo_counters,instance_13.pddl,True,False,1230.0,1,130,106,238,1,0,0,27,52,52,19,35,2.69,18,-1,-1"
"PATTY-EG,numeric/ipc-2023/fo_counters,instance_14.pddl,True,False,870.0,1,124,114,256,1,0,0,29,56,56,14,34,2.7,23,-1,-1"
"PATTY-EG,numeric/ipc-2023/fo_counters,instance_15.pddl,True,False,1160.0,1,179,122,274,1,0,0,31,60,60,19,39,2.7,29,-1,-1"
"PATTY-EG,numeric/ipc-2023/fo_counters,instance_16.pddl,True,False,960.0,1,185,130,292,1,0,0,33,64,64,31,40,2.7,26,-1,-1"
"PATTY-EG,numeric/ipc-2023/fo_counters,instance_17.pddl,True,False,1360.0,1,242,138,310,1,0,0,35,68,68,33,44,2.7,30,-1,-1"
"PATTY-EG,numeric/ipc-2023/fo_counters,instance_18.pddl,True,False,860.0,1,221,146,328,1,0,0,37,72,72,35,44,2.7,29,-1,-1"
"PATTY-EG,numeric/ipc-2023/fo_counters,instance_19.pddl,True,False,1270.0,1,209,154,346,1,0,0,39,76,76,37,49,2.7,36,-1,-1"
"PATTY-EG,numeric/ipc-2023/fo_counters,instance_2.pddl,True,False,750.0,1,8,18,40,1,0,0,5,8,8,2,4,2.55,4,-1,-1"
"PATTY-EG,numeric/ipc-2023/fo_counters,instance_20.pddl,True,False,1470.0,1,240,162,364,1,0,0,41,80,80,37,51,2.7,34,-1,-1"
"PATTY-EG,numeric/ipc-2023/fo_counters,instance_21.pddl,True,False,1850.0,1,252,170,382,1,0,0,43,84,84,41,50,2.7,33,-1,-1"
"PATTY-EG,numeric/ipc-2023/fo_counters,instance_3.pddl,True,False,710.0,1,24,26,58,1,0,0,7,12,12,6,6,2.6,4,-1,-1"
"PATTY-EG,numeric/ipc-2023/fo_counters,instance_4.pddl,True,False,820.0,1,34,34,76,1,0,0,9,16,16,10,9,2.63,6,-1,-1"
"PATTY-EG,numeric/ipc-2023/fo_counters,instance_5.pddl,True,False,910.0,1,37,42,94,1,0,0,11,20,20,10,14,2.65,8,-1,-1"
"PATTY-EG,numeric/ipc-2023/fo_counters,instance_6.pddl,True,False,1040.0,1,42,50,112,1,0,0,13,24,24,10,15,2.66,11,-1,-1"
"PATTY-EG,numeric/ipc-2023/fo_counters,instance_7.pddl,True,False,930.0,1,71,58,130,1,0,0,15,28,28,13,18,2.67,11,-1,-1"
"PATTY-EG,numeric/ipc-2023/fo_counters,instance_8.pddl,True,False,1120.0,1,71,66,148,1,0,0,17,32,32,16,19,2.68,11,-1,-1"
"PATTY-EG,numeric/ipc-2023/fo_counters,instance_9.pddl,True,False,1000.0,1,90,74,166,1,0,0,19,36,36,17,22,2.68,18,-1,-1"
"PATTY-EG,numeric/ipc-2023/hydropower,pfile01.pddl,False,True,30000,-1,0,250,594,1,0,49,3,146,146,-1,-1,19.22,-1,-1,-1"
"PATTY-EG,numeric/ipc-2023/hydropower,pfile02.pddl,False,True,30000,-1,0,250,594,1,0,49,3,146,146,-1,-1,19.22,-1,-1,-1"
"PATTY-EG,numeric/ipc-2023/hydropower,pfile04.pddl,False,True,30000,-1,0,250,594,1,0,49,3,146,146,-1,-1,19.22,-1,-1,-1"
"PATTY-EG,numeric/ipc-2023/hydropower,pfile05.pddl,True,False,22660.0,1,58,250,594,1,0,49,3,146,146,3,55,19.22,2,-1,-1"
"PATTY-EG,numeric/ipc-2023/hydropower,pfile06.pddl,False,True,30000,-1,0,250,594,1,0,49,3,146,146,-1,-1,19.22,-1,-1,-1"
"PATTY-EG,numeric/ipc-2023/hydropower,pfile07.pddl,True,False,7470.0,1,60,250,594,1,0,49,3,146,146,3,57,19.22,2,-1,-1"
"PATTY-EG,numeric/ipc-2023/hydropower,pfile08.pddl,True,False,27920.0,1,70,250,594,1,0,49,3,146,146,4,61,19.22,4,-1,-1"
"PATTY-EG,numeric/ipc-2023/hydropower,pfile09.pddl,True,False,9500.0,1,64,250,594,1,0,49,3,146,146,4,59,19.22,2,-1,-1"
"PATTY-EG,numeric/ipc-2023/hydropower,pfile11.pddl,True,False,4150.0,1,70,250,594,1,0,49,3,146,146,9,57,19.22,2,-1,-1"
"PATTY-EG,numeric/ipc-2023/hydropower,pfile12.pddl,True,False,7280.0,1,75,250,594,1,0,49,3,146,146,12,61,19.22,2,-1,-1"
"PATTY-EG,numeric/ipc-2023/hydropower,pfile13.pddl,True,False,3300.0,1,70,250,594,1,0,49,3,146,146,14,51,19.22,2,-1,-1"
"PATTY-EG,numeric/ipc-2023/hydropower,pfile14.pddl,True,False,3220.0,1,84,250,594,1,0,49,3,146,146,17,60,19.22,2,-1,-1"
"PATTY-EG,numeric/ipc-2023/hydropower,pfile18.pddl,True,False,3920.0,1,109,250,594,1,0,49,3,146,146,26,61,19.22,2,-1,-1"
"PATTY-EG,numeric/ipc-2023/hydropower,pfile19.pddl,True,False,4890.0,1,113,250,594,1,0,49,3,146,146,29,59,19.22,2,-1,-1"
"PATTY-EG,numeric/ipc-2023/hydropower,pfile20.pddl,True,False,5700.0,1,116,250,594,1,0,49,3,146,146,31,60,19.22,2,-1,-1"
"PATTY-EG,numeric/ipc-2023/hydropower,pfile22.pddl,True,False,7050.0,1,137,250,594,1,0,49,3,146,146,36,65,19.22,3,-1,-1"
"PATTY-EG,numeric/ipc-2023/hydropower,pfile23.pddl,True,False,5840.0,1,136,250,594,1,0,49,3,146,146,38,61,19.22,3,-1,-1"
"PATTY-EG,numeric/ipc-2023/hydropower,pfile24.pddl,True,False,6990.0,1,160,250,594,1,0,49,3,146,146,43,63,19.22,5,-1,-1"
"PATTY-EG,numeric/ipc-2023/hydropower,pfile27.pddl,True,False,5240.0,1,151,250,594,1,0,49,3,146,146,48,58,19.22,2,-1,-1"
"PATTY-EG,numeric/ipc-2023/hydropower,pfile28.pddl,True,False,9100.0,1,159,250,594,1,0,49,3,146,146,50,63,19.22,3,-1,-1"
"PATTY-EG,numeric/ipc-2023/markettrader,pfile01.pddl,False,True,30000,-1,0,146,386,2,1,2,16,55,110,-1,-1,17.09,-1,-1,-1"
"PATTY-EG,numeric/ipc-2023/markettrader,pfile02.pddl,False,True,30000,-1,0,136,359,2,1,2,15,51,102,-1,-1,15.97,-1,-1,-1"
"PATTY-EG,numeric/ipc-2023/markettrader,pfile03.pddl,False,True,30000,-1,0,136,359,2,1,2,15,51,102,-1,-1,15.97,-1,-1,-1"
"PATTY-EG,numeric/ipc-2023/markettrader,pfile04.pddl,False,True,30000,-1,0,138,365,2,1,2,15,52,104,-1,-1,16.53,-1,-1,-1"
"PATTY-EG,numeric/ipc-2023/markettrader,pfile05.pddl,False,True,30000,-1,0,138,365,2,1,2,15,52,104,-1,-1,16.53,-1,-1,-1"
"PATTY-EG,numeric/ipc-2023/markettrader,pfile06.pddl,False,True,30000,-1,0,220,606,2,1,3,18,89,178,-1,-1,24.78,-1,-1,-1"
"PATTY-EG,numeric/ipc-2023/markettrader,pfile07.pddl,False,True,30000,-1,0,208,576,2,1,3,16,85,170,-1,-1,26.67,-1,-1,-1"
"PATTY-EG,numeric/ipc-2023/markettrader,pfile08.pddl,False,True,30000,-1,0,206,570,2,1,3,16,84,168,-1,-1,26.11,-1,-1,-1"
"PATTY-EG,numeric/ipc-2023/markettrader,pfile09.pddl,False,True,30000,-1,0,121,307,1,0,3,16,83,83,-1,-1,12.26,-1,-1,-1"
"PATTY-EG,numeric/ipc-2023/markettrader,pfile10.pddl,False,True,30000,-1,0,224,618,2,1,3,18,91,182,-1,-1,26.01,-1,-1,-1"
"PATTY-EG,numeric/ipc-2023/markettrader,pfile11.pddl,False,True,30000,-1,0,151,397,1,0,4,16,111,111,-1,-1,15.52,-1,-1,-1"
"PATTY-EG,numeric/ipc-2023/markettrader,pfile12.pddl,False,True,30000,-1,0,254,725,2,1,4,15,108,216,-1,-1,34.87,-1,-1,-1"
"PATTY-EG,numeric/ipc-2023/markettrader,pfile13.pddl,False,True,30000,-1,0,278,787,2,1,4,17,118,236,-1,-1,35.04,-1,-1,-1"
"PATTY-EG,numeric/ipc-2023/markettrader,pfile14.pddl,False,True,30000,-1,0,158,415,1,0,4,17,116,116,-1,-1,16.38,-1,-1,-1"
"PATTY-EG,numeric/ipc-2023/markettrader,pfile15.pddl,False,True,30000,-1,0,284,802,2,1,4,18,120,240,-1,-1,33.47,-1,-1,-1"
"PATTY-EG,numeric/ipc-2023/markettrader,pfile16.pddl,False,True,30000,-1,0,195,521,1,0,5,18,149,149,-1,-1,18.78,-1,-1,-1"
"PATTY-EG,numeric/ipc-2023/markettrader,pfile17.pddl,False,True,30000,-1,0,193,524,1,0,5,17,149,149,-1,-1,20.55,-1,-1,-1"
"PATTY-EG,numeric/ipc-2023/markettrader,pfile18.pddl,False,True,30000,-1,0,199,539,1,0,5,18,153,153,-1,-1,20.51,-1,-1,-1"
"PATTY-EG,numeric/ipc-2023/markettrader,pfile19.pddl,False,True,30000,-1,0,195,521,1,0,5,18,149,149,-1,-1,19.09,-1,-1,-1"
"PATTY-EG,numeric/ipc-2023/markettrader,pfile20.pddl,False,True,30000,-1,0,199,537,1,0,5,18,153,153,-1,-1,19.39,-1,-1,-1"
"PATTY-EG,numeric/ipc-2023/mprime,pfile01.pddl,True,False,950.0,1,40,153,380,1,0,27,7,85,85,6,24,7.05,10,-1,-1"
"PATTY-EG,numeric/ipc-2023/mprime,pfile02.pddl,True,False,10830.0,1,53,1767,5477,1,0,248,11,1249,1249,5,35,32.89,13,-1,-1"
"PATTY-EG,numeric/ipc-2023/mprime,pfile04.pddl,True,False,3050.0,1,47,464,1180,1,0,87,11,268,268,7,27,16.51,10,-1,-1"
"PATTY-EG,numeric/ipc-2023/mprime,pfile05.pddl,True,False,9350.0,1,46,1544,4781,1,0,212,12,1096,1096,3,37,30.99,7,-1,-1"
"PATTY-EG,numeric/ipc-2023/mprime,pfile09.pddl,True,False,6490.0,1,30,1197,3659,1,0,171,11,833,833,2,25,23.75,5,-1,-1"
"PATTY-EG,numeric/ipc-2023/mprime,pfile13.pddl,False,True,30000,-1,0,-1,-1,-1,-1,1488,29,15002,-1,-1,-1,-1,-1,-1,-1"
"PATTY-EG,numeric/ipc-2023/mprime,pfile14.pddl,False,True,30000,-1,0,-1,-1,-1,-1,1509,30,17595,-1,-1,-1,-1,-1,-1,-1"
"PATTY-EG,numeric/ipc-2023/mprime,pfile15.pddl,False,True,30000,-1,0,-1,-1,-1,-1,551,28,5613,-1,-1,-1,-1,-1,-1,-1"
"PATTY-EG,numeric/ipc-2023/mprime,pfile16.pddl,True,False,28650.0,1,77,2189,7112,1,0,239,18,1675,1675,5,60,27.4,10,-1,-1"
"PATTY-EG,numeric/ipc-2023/mprime,pfile18.pddl,False,True,30000,-1,0,4522,14970,1,0,415,29,3634,3634,-1,-1,49.18,-1,-1,-1"
"PATTY-EG,numeric/ipc-2023/mprime,pfile19.pddl,False,True,30000,-1,0,-1,-1,-1,-1,442,23,3889,-1,-1,-1,-1,-1,-1,-1"
"PATTY-EG,numeric/ipc-2023/mprime,pfile20.pddl,False,True,30000,-1,0,3122,10136,1,0,314,29,2436,2436,-1,-1,25.58,-1,-1,-1"
"PATTY-EG,numeric/ipc-2023/mprime,pfile21.pddl,False,True,30000,-1,0,-1,-1,-1,-1,684,18,5220,-1,-1,-1,-1,-1,-1,-1"
"PATTY-EG,numeric/ipc-2023/mprime,pfile22.pddl,False,True,30000,-1,0,-1,-1,-1,-1,1002,37,13561,-1,-1,-1,-1,-1,-1,-1"
"PATTY-EG,numeric/ipc-2023/mprime,pfile23.pddl,False,True,30000,-1,0,-1,-1,-1,-1,549,26,4953,-1,-1,-1,-1,-1,-1,-1"
"PATTY-EG,numeric/ipc-2023/mprime,pfile24.pddl,False,True,30000,-1,0,-1,-1,-1,-1,711,18,3669,-1,-1,-1,-1,-1,-1,-1"
"PATTY-EG,numeric/ipc-2023/mprime,pfile25.pddl,True,False,990.0,1,30,120,315,1,0,20,6,68,68,5,20,6.31,7,-1,-1"
"PATTY-EG,numeric/ipc-2023/mprime,pfile26.pddl,True,False,7810.0,1,85,1084,3340,1,0,128,17,794,794,5,57,17.36,16,-1,-1"
"PATTY-EG,numeric/ipc-2023/mprime,pfile27.pddl,True,False,2080.0,1,99,537,1564,1,0,81,10,355,355,14,49,13.04,23,-1,-1"
"PATTY-EG,numeric/ipc-2023/mprime,pfile28.pddl,True,False,1730.0,2,57,320,919,2,1,47,6,107,214,8,29,19.24,13,-1,-1"
"PATTY-EG,numeric/ipc-2023/pathwaysmetric,pfile01.pddl,True,False,790.0,1,84,162,294,1,0,32,27,44,44,16,26,2.23,15,-1,-1"
"PATTY-EG,numeric/ipc-2023/pathwaysmetric,pfile03.pddl,True,False,1440.0,1,170,260,483,1,0,38,55,74,74,30,44,2.42,31,-1,-1"
"PATTY-EG,numeric/ipc-2023/pathwaysmetric,pfile04.pddl,True,False,1610.0,1,278,325,618,1,0,44,68,101,101,39,62,2.53,46,-1,-1"
"PATTY-EG,numeric/ipc-2023/pathwaysmetric,pfile06.pddl,True,False,2490.0,1,559,558,1052,1,0,70,126,166,166,50,110,3.01,79,-1,-1"
"PATTY-EG,numeric/ipc-2023/pathwaysmetric,pfile07.pddl,True,False,6450.0,1,10870,697,1329,1,0,80,161,215,215,2267,112,3.13,70,-1,-1"
"PATTY-EG,numeric/ipc-2023/pathwaysmetric,pfile08.pddl,True,False,4790.0,1,1218,840,1634,1,0,82,200,276,276,154,154,3.5,116,-1,-1"
"PATTY-EG,numeric/ipc-2023/pathwaysmetric,pfile09.pddl,True,False,7160.0,1,11159,833,1606,1,0,96,186,269,269,3339,162,3.57,109,-1,-1"
"PATTY-EG,numeric/ipc-2023/pathwaysmetric,pfile10.pddl,True,False,3790.0,1,1387,760,1534,1,0,78,158,288,288,202,174,3.28,142,-1,-1"
"PATTY-EG,numeric/ipc-2023/pathwaysmetric,pfile11.pddl,True,False,3370.0,1,3885,756,1499,1,0,94,147,274,274,1710,106,2.91,72,-1,-1"
"PATTY-EG,numeric/ipc-2023/pathwaysmetric,pfile13.pddl,True,False,3420.0,1,1317,859,1696,1,0,96,182,303,303,132,173,3.17,144,-1,-1"
"PATTY-EG,numeric/ipc-2023/pathwaysmetric,pfile14.pddl,True,False,5590.0,1,1981,876,1731,1,0,86,199,306,306,190,214,3.71,167,-1,-1"
"PATTY-EG,numeric/ipc-2023/pathwaysmetric,pfile15.pddl,True,False,5210.0,1,1804,931,1909,1,0,90,190,371,371,242,197,3.45,160,-1,-1"
"PATTY-EG,numeric/ipc-2023/pathwaysmetric,pfile16.pddl,True,False,14560.0,1,5587,1458,2958,1,0,110,344,550,550,1067,291,4.39,227,-1,-1"
"PATTY-EG,numeric/ipc-2023/pathwaysmetric,pfile18.pddl,True,False,6410.0,1,2271,1127,2217,1,0,92,281,381,381,262,212,4.31,172,-1,-1"
"PATTY-EG,numeric/ipc-2023/pathwaysmetric,pfile20.pddl,True,False,12410.0,1,5858,1256,2487,1,0,104,306,436,436,1696,246,4.37,181,-1,-1"
"PATTY-EG,numeric/ipc-2023/pathwaysmetric,pfile21.pddl,True,False,9750.0,1,3106,1474,3012,1,0,122,328,574,574,453,218,4.1,163,-1,-1"
"PATTY-EG,numeric/ipc-2023/pathwaysmetric,pfile23.pddl,True,False,9790.0,1,2509,1303,2661,1,0,122,274,511,511,179,291,3.83,241,-1,-1"
"PATTY-EG,numeric/ipc-2023/pathwaysmetric,pfile24.pddl,True,False,17480.0,1,11509,1470,2891,1,0,112,376,494,494,4086,289,4.52,224,-1,-1"
"PATTY-EG,numeric/ipc-2023/pathwaysmetric,pfile26.pddl,True,False,18190.0,1,5318,1661,3414,1,0,134,367,659,659,768,278,4.37,208,-1,-1"
"PATTY-EG,numeric/ipc-2023/pathwaysmetric,pfile27.pddl,True,False,24960.0,1,4489,1945,3998,1,0,142,447,767,767,1289,280,4.7,210,-1,-1"
"PATTY-EG,numeric/ipc-2023/rover,pfile1.pddl,True,False,1350.0,1,15,156,371,1,0,40,2,72,72,3,13,16.53,1,-1,-1"
"PATTY-EG,numeric/ipc-2023/rover,pfile10.pddl,False,True,30000,-1,0,1354,4360,2,1,166,5,506,1012,-1,-1,65.7,-1,-1,-1"
"PATTY-EG,numeric/ipc-2023/rover,pfile11.pddl,False,True,30000,-1,0,1796,6070,2,1,171,5,722,1444,-1,-1,89.28,-1,-1,-1"
"PATTY-EG,numeric/ipc-2023/rover,pfile12.pddl,True,False,8480.0,1,45,989,2860,1,0,175,5,629,629,13,24,41.98,5,-1,-1"
"PATTY-EG,numeric/ipc-2023/rover,pfile13.pddl,False,True,30000,-1,0,1485,4651,1,0,204,5,1067,1067,-1,-1,66.45,-1,-1,-1"
"PATTY-EG,numeric/ipc-2023/rover,pfile14.pddl,False,True,30000,-1,0,2074,6914,2,1,212,5,820,1640,-1,-1,102.79,-1,-1,-1"
"PATTY-EG,numeric/ipc-2023/rover,pfile15.pddl,False,True,30000,-1,0,1629,4992,1,0,242,5,1135,1135,-1,-1,76.53,-1,-1,-1"
"PATTY-EG,numeric/ipc-2023/rover,pfile16.pddl,False,True,30000,-1,0,1395,4065,1,0,243,5,899,899,-1,-1,63.92,-1,-1,-1"
"PATTY-EG,numeric/ipc-2023/rover,pfile17.pddl,False,True,30000,-1,0,2783,8509,1,0,422,7,1925,1925,-1,-1,83.0,-1,-1,-1"
"PATTY-EG,numeric/ipc-2023/rover,pfile18.pddl,False,True,30000,-1,0,-1,-1,-1,-1,561,7,2410,-1,-1,-1,-1,-1,-1,-1"
"PATTY-EG,numeric/ipc-2023/rover,pfile19.pddl,False,True,30000,-1,0,-1,-1,-1,-1,593,7,4250,-1,-1,-1,-1,-1,-1,-1"
"PATTY-EG,numeric/ipc-2023/rover,pfile2.pddl,True,False,1580.0,2,21,252,718,2,1,45,2,79,158,6,14,37.08,3,-1,-1"
"PATTY-EG,numeric/ipc-2023/rover,pfile20.pddl,False,True,30000,-1,0,-1,-1,-1,-1,858,9,6723,-1,-1,-1,-1,-1,-1,-1"
"PATTY-EG,numeric/ipc-2023/rover,pfile3.pddl,True,False,2700.0,2,74,352,1014,2,1,61,3,112,224,19,24,29.43,6,-1,-1"
"PATTY-EG,numeric/ipc-2023/rover,pfile4.pddl,True,False,1600.0,1,76,258,602,1,0,68,3,116,116,23,17,13.96,6,-1,-1"
"PATTY-EG,numeric/ipc-2023/rover,pfile5.pddl,True,False,2260.0,1,108,329,850,1,0,74,3,175,175,25,31,21.64,10,-1,-1"
"PATTY-EG,numeric/ipc-2023/rover,pfile6.pddl,True,False,25560.0,3,76,946,3226,3,2,83,3,258,774,16,54,95.18,6,-1,-1"
"PATTY-EG,numeric/ipc-2023/rover,pfile7.pddl,True,False,1740.0,1,65,434,1114,1,0,99,4,228,228,23,30,19.04,6,-1,-1"
"PATTY-EG,numeric/ipc-2023/rover,pfile8.pddl,True,False,13320.0,2,128,1216,3934,2,1,145,5,458,916,39,43,58.9,7,-1,-1"
"PATTY-EG,numeric/ipc-2023/rover,pfile9.pddl,False,True,30000,-1,0,1828,6212,3,2,165,5,496,1488,-1,-1,91.51,-1,-1,-1"
"PATTY-EG,numeric/ipc-2023/sailing,instance_1_10_1229.pddl,True,False,3840.0,9,3630,177,448,9,8,10,2,17,153,544,36,16.33,24,-1,-1"
"PATTY-EG,numeric/ipc-2023/sailing,instance_1_4_1229.pddl,True,False,870.0,4,1203,56,105,4,3,4,2,11,44,213,12,7.6,8,-1,-1"
"PATTY-EG,numeric/ipc-2023/sailing,instance_1_5_1229.pddl,True,False,880.0,5,1600,74,150,5,4,5,2,12,60,294,15,9.27,10,-1,-1"
"PATTY-EG,numeric/ipc-2023/sailing,instance_1_6_1229.pddl,True,False,1390.0,6,2141,94,203,6,5,6,2,13,78,578,18,10.97,12,-1,-1"
"PATTY-EG,numeric/ipc-2023/sailing,instance_1_7_1229.pddl,True,False,1800.0,6,3645,102,229,6,5,7,2,14,84,535,34,11.26,23,-1,-1"
"PATTY-EG,numeric/ipc-2023/sailing,instance_2_10_1229.pddl,True,False,3010.0,5,4099,198,499,5,4,10,4,34,170,397,61,10.69,40,-1,-1"
"PATTY-EG,numeric/ipc-2023/sailing,instance_2_1_1229.pddl,True,False,830.0,1,179,26,33,1,0,1,4,16,16,91,3,2.97,2,-1,-1"
"PATTY-EG,numeric/ipc-2023/sailing,instance_2_2_1229.pddl,True,False,820.0,1,197,30,43,1,0,2,4,18,18,90,6,3.44,4,-1,-1"
"PATTY-EG,numeric/ipc-2023/sailing,instance_2_4_1229.pddl,True,False,700.0,2,1218,60,109,2,1,4,4,22,44,272,12,5.32,8,-1,-1"
"PATTY-EG,numeric/ipc-2023/sailing,instance_2_7_1229.pddl,True,False,1030.0,3,7397,106,233,3,2,7,4,28,84,1951,28,7.3,18,-1,-1"
"PATTY-EG,numeric/ipc-2023/sailing,instance_2_8_1229.pddl,True,False,1520.0,4,2597,144,337,4,3,8,4,30,120,291,27,8.91,18,-1,-1"
"PATTY-EG,numeric/ipc-2023/sailing,instance_2_9_1229.pddl,True,False,1260.0,4,3421,154,371,4,3,9,4,32,128,500,39,9.06,25,-1,-1"
"PATTY-EG,numeric/ipc-2023/sailing,instance_3_4_1229.pddl,True,False,840.0,2,1116,86,159,2,1,4,6,33,66,290,16,5.42,10,-1,-1"
"PATTY-EG,numeric/ipc-2023/sailing,instance_3_5_1229.pddl,True,False,920.0,2,1727,94,185,2,1,5,6,36,72,570,17,5.65,12,-1,-1"
"PATTY-EG,numeric/ipc-2023/sailing,instance_3_6_1229.pddl,True,False,1050.0,2,1474,102,211,2,1,6,6,39,78,343,18,5.83,12,-1,-1"
"PATTY-EG,numeric/ipc-2023/sailing,instance_4_10_1229.pddl,True,False,2280.0,3,3269,240,601,3,2,10,8,68,204,576,34,7.85,24,-1,-1"
"PATTY-EG,numeric/ipc-2023/sailing,instance_4_2_1229.pddl,True,False,830.0,1,339,56,81,1,0,2,8,36,36,178,6,3.56,4,-1,-1"
"PATTY-EG,numeric/ipc-2023/sailing,instance_4_5_1229.pddl,True,False,1150.0,2,2679,122,243,2,1,5,8,48,96,572,21,5.71,16,-1,-1"
"PATTY-EG,numeric/ipc-2023/sailing,instance_4_6_1229.pddl,True,False,1120.0,2,2133,132,277,2,1,6,8,52,104,368,22,5.89,16,-1,-1"
"PATTY-EG,numeric/ipc-2023/sailing,instance_4_7_1229.pddl,True,False,1210.0,2,2205,142,311,2,1,7,8,56,112,455,24,6.03,15,-1,-1"
"PATTY-EG,numeric/ipc-2023/settlers-compiled,pfile1.pddl,False,False,1580.0,-1,0,-1,-1,-1,-1,110,84,630,-1,-1,-1,-1,-1,-1,-1"
"PATTY-EG,numeric/ipc-2023/settlers-compiled,pfile10.pddl,False,True,30000,-1,0,1866,3879,1,0,175,116,500,500,-1,-1,9.07,-1,-1,-1"
"PATTY-EG,numeric/ipc-2023/settlers-compiled,pfile11.pddl,False,True,30000,-1,0,1902,3971,1,0,179,116,528,528,-1,-1,10.04,-1,-1,-1"
"PATTY-EG,numeric/ipc-2023/settlers-compiled,pfile12.pddl,False,True,30000,-1,0,1923,4026,1,0,181,116,545,545,-1,-1,10.4,-1,-1,-1"
"PATTY-EG,numeric/ipc-2023/settlers-compiled,pfile13.pddl,False,True,30000,-1,0,2316,4844,1,0,212,131,622,622,-1,-1,10.19,-1,-1,-1"
"PATTY-EG,numeric/ipc-2023/settlers-compiled,pfile14.pddl,False,False,4670.0,-1,0,-1,-1,-1,-1,518,204,5202,-1,-1,-1,-1,-1,-1,-1"
"PATTY-EG,numeric/ipc-2023/settlers-compiled,pfile15.pddl,False,False,2490.0,-1,0,-1,-1,-1,-1,351,132,2318,-1,-1,-1,-1,-1,-1,-1"
"PATTY-EG,numeric/ipc-2023/settlers-compiled,pfile16.pddl,False,False,2600.0,-1,0,-1,-1,-1,-1,351,132,2318,-1,-1,-1,-1,-1,-1,-1"
"PATTY-EG,numeric/ipc-2023/settlers-compiled,pfile17.pddl,False,True,30000,-1,0,2784,5839,1,0,249,146,734,734,-1,-1,10.67,-1,-1,-1"
"PATTY-EG,numeric/ipc-2023/settlers-compiled,pfile18.pddl,False,True,30000,-1,0,3655,7739,1,0,320,169,997,997,-1,-1,12.19,-1,-1,-1"
"PATTY-EG,numeric/ipc-2023/settlers-compiled,pfile19.pddl,False,True,30000,-1,0,4494,9544,1,0,390,193,1228,1228,-1,-1,12.53,-1,-1,-1"
"PATTY-EG,numeric/ipc-2023/settlers-compiled,pfile2.pddl,True,False,6080.0,1,1511,946,1921,1,0,96,78,248,248,194,132,7.2,107,-1,-1"
"PATTY-EG,numeric/ipc-2023/settlers-compiled,pfile20.pddl,False,True,30000,-1,0,4495,9547,1,0,390,193,1229,1229,-1,-1,12.3,-1,-1,-1"
"PATTY-EG,numeric/ipc-2023/settlers-compiled,pfile3.pddl,True,False,6750.0,1,1297,967,1976,1,0,98,78,265,265,278,135,7.89,105,-1,-1"
"PATTY-EG,numeric/ipc-2023/settlers-compiled,pfile4.pddl,True,False,7940.0,1,1556,951,1936,1,0,96,78,253,253,326,144,7.22,118,-1,-1"
"PATTY-EG,numeric/ipc-2023/settlers-compiled,pfile5.pddl,False,True,30000,-1,0,1143,2352,1,0,115,86,321,321,-1,-1,8.32,-1,-1,-1"
"PATTY-EG,numeric/ipc-2023/settlers-compiled,pfile6.pddl,False,True,30000,-1,0,1288,2650,1,0,126,93,346,346,-1,-1,8.61,-1,-1,-1"
"PATTY-EG,numeric/ipc-2023/settlers-compiled,pfile7.pddl,False,False,1610.0,-1,0,-1,-1,-1,-1,218,108,1365,-1,-1,-1,-1,-1,-1,-1"
"PATTY-EG,numeric/ipc-2023/settlers-compiled,pfile8.pddl,True,False,22440.0,1,4208,1627,3354,1,0,154,108,417,417,341,198,8.63,150,-1,-1"
"PATTY-EG,numeric/ipc-2023/settlers-compiled,pfile9.pddl,False,True,30000,-1,0,1486,3076,1,0,144,101,408,408,-1,-1,8.67,-1,-1,-1"
"PATTY-EG,numeric/ipc-2023/sugar,pfile01.pddl,True,False,2330.0,2,22,480,1385,2,1,28,38,174,348,2,21,15.45,1,-1,-1"
"PATTY-EG,numeric/ipc-2023/sugar,pfile02.pddl,True,False,2440.0,2,51,566,1641,2,1,37,44,202,404,8,31,14.23,5,-1,-1"
"PATTY-EG,numeric/ipc-2023/sugar,pfile03.pddl,True,False,9400.0,3,63,763,2349,3,2,37,43,201,603,6,51,20.62,3,-1,-1"
"PATTY-EG,numeric/ipc-2023/sugar,pfile04.pddl,False,True,30000,-1,0,1130,3633,4,3,39,44,241,964,-1,-1,33.05,-1,-1,-1"
"PATTY-EG,numeric/ipc-2023/sugar,pfile05.pddl,True,False,22320.0,3,120,889,2776,3,2,39,44,241,723,8,75,25.22,14,-1,-1"
"PATTY-EG,numeric/ipc-2023/sugar,pfile06.pddl,True,False,4600.0,2,51,648,1920,2,1,39,44,241,482,4,43,17.53,4,-1,-1"
"PATTY-EG,numeric/ipc-2023/sugar,pfile07.pddl,True,False,4720.0,2,46,648,1921,2,1,39,44,241,482,4,38,17.22,3,-1,-1"
"PATTY-EG,numeric/ipc-2023/sugar,pfile08.pddl,True,False,4030.0000000000005,2,34,648,1920,2,1,39,44,241,482,3,26,16.96,7,-1,-1"
"PATTY-EG,numeric/ipc-2023/sugar,pfile09.pddl,True,False,4720.0,2,50,648,1920,2,1,39,44,241,482,5,41,17.53,5,-1,-1"
"PATTY-EG,numeric/ipc-2023/sugar,pfile10.pddl,True,False,5150.0,2,40,648,1920,2,1,39,44,241,482,6,22,17.38,7,-1,-1"
"PATTY-EG,numeric/ipc-2023/sugar,pfile11.pddl,True,False,1510.0,1,36,403,1051,1,0,39,44,237,237,5,27,8.77,5,-1,-1"
"PATTY-EG,numeric/ipc-2023/sugar,pfile12.pddl,True,False,9130.0,3,62,889,2776,3,2,39,44,241,723,3,56,24.82,4,-1,-1"
"PATTY-EG,numeric/ipc-2023/sugar,pfile13.pddl,True,False,5380.0,2,45,648,1920,2,1,39,44,241,482,3,39,16.96,4,-1,-1"
"PATTY-EG,numeric/ipc-2023/sugar,pfile14.pddl,True,False,11470.0,3,69,889,2776,3,2,39,44,241,723,5,51,24.74,11,-1,-1"
"PATTY-EG,numeric/ipc-2023/sugar,pfile15.pddl,True,False,11980.0,3,67,889,2776,3,2,39,44,241,723,7,40,25.22,7,-1,-1"
"PATTY-EG,numeric/ipc-2023/sugar,pfile16.pddl,True,False,25790.0,3,68,889,2776,3,2,39,44,241,723,5,53,25.12,8,-1,-1"
"PATTY-EG,numeric/ipc-2023/sugar,pfile17.pddl,True,False,8460.0,3,40,889,2776,3,2,39,44,241,723,1,40,24.82,0,-1,-1"
"PATTY-EG,numeric/ipc-2023/sugar,pfile18.pddl,True,False,13020.0,3,73,889,2776,3,2,39,44,241,723,3,60,24.78,9,-1,-1"
"PATTY-EG,numeric/ipc-2023/sugar,pfile19.pddl,True,False,16050.0,3,96,889,2776,3,2,39,44,241,723,8,65,24.68,8,-1,-1"
"PATTY-EG,numeric/ipc-2023/sugar,pfile20.pddl,True,False,17220.0,3,103,889,2776,3,2,39,44,241,723,10,63,25.22,7,-1,-1"
"PATTY-EG,numeric/ipc-2023/tpp,p02.pddl,True,False,980.0,2,8,160,489,2,1,6,10,50,100,1,8,7.52,0,-1,-1"
"PATTY-EG,numeric/ipc-2023/tpp,p04.pddl,True,False,9130.0,3,17,284,873,3,2,6,16,58,174,1,17,10.17,0,-1,-1"
"PATTY-EG,numeric/ipc-2023/tpp,p06.pddl,False,True,30000,-1,0,861,2743,3,2,11,40,187,561,-1,-1,16.91,-1,-1,-1"
"PATTY-EG,numeric/ipc-2023/tpp,p07.pddl,False,True,30000,-1,0,905,2859,3,2,11,44,193,579,-1,-1,16.57,-1,-1,-1"
"PATTY-EG,numeric/ipc-2023/tpp,p17.pddl,False,True,30000,-1,0,2810,8417,2,1,21,203,811,1622,-1,-1,19.9,-1,-1,-1"
"PATTY-EG,numeric/ipc-2023/tpp,p18.pddl,False,True,30000,-1,0,2902,8653,2,1,21,213,829,1658,-1,-1,19.83,-1,-1,-1"
"PATTY-EG,numeric/ipc-2023/tpp,p20.pddl,False,True,30000,-1,0,3106,9177,2,1,21,235,869,1738,-1,-1,19.64,-1,-1,-1"
"PATTY-EG,numeric/ipc-2023/tpp,p21.pddl,False,True,30000,-1,0,-1,-1,-1,-1,26,315,1262,-1,-1,-1,-1,-1,-1,-1"
"PATTY-EG,numeric/ipc-2023/tpp,p22.pddl,False,True,30000,-1,0,-1,-1,-1,-1,26,328,1286,-1,-1,-1,-1,-1,-1,-1"
"PATTY-EG,numeric/ipc-2023/tpp,p24.pddl,False,True,30000,-1,0,-1,-1,-1,-1,26,350,1326,-1,-1,-1,-1,-1,-1,-1"
"PATTY-EG,numeric/ipc-2023/tpp,p25.pddl,False,True,30000,-1,0,-1,-1,-1,-1,26,361,1346,-1,-1,-1,-1,-1,-1,-1"
"PATTY-EG,numeric/ipc-2023/tpp,p28.pddl,False,True,30000,-1,0,-1,-1,-1,-1,31,476,1855,-1,-1,-1,-1,-1,-1,-1"
"PATTY-EG,numeric/ipc-2023/tpp,p29.pddl,False,True,30000,-1,0,-1,-1,-1,-1,31,495,1891,-1,-1,-1,-1,-1,-1,-1"
"PATTY-EG,numeric/ipc-2023/tpp,p30.pddl,False,True,30000,-1,0,-1,-1,-1,-1,31,507,1913,-1,-1,-1,-1,-1,-1,-1"
"PATTY-EG,numeric/ipc-2023/tpp,p33.pddl,False,True,30000,-1,0,-1,-1,-1,-1,36,640,2508,-1,-1,-1,-1,-1,-1,-1"
"PATTY-EG,numeric/ipc-2023/tpp,p34.pddl,False,True,30000,-1,0,-1,-1,-1,-1,36,657,2540,-1,-1,-1,-1,-1,-1,-1"
"PATTY-EG,numeric/ipc-2023/tpp,p36.pddl,False,True,30000,-1,0,-1,-1,-1,-1,41,769,3145,-1,-1,-1,-1,-1,-1,-1"
"PATTY-EG,numeric/ipc-2023/tpp,p37.pddl,False,True,30000,-1,0,-1,-1,-1,-1,41,785,3175,-1,-1,-1,-1,-1,-1,-1"
"PATTY-EG,numeric/ipc-2023/tpp,p38.pddl,False,True,30000,-1,0,-1,-1,-1,-1,41,804,3211,-1,-1,-1,-1,-1,-1,-1"
"PATTY-EG,numeric/ipc-2023/tpp,p39.pddl,False,True,30000,-1,0,-1,-1,-1,-1,41,828,3257,-1,-1,-1,-1,-1,-1,-1"
"PATTY-EG,numeric/ipc-2023/zenotravel,pfile1.pddl,True,False,900.0,2,13,112,340,2,1,15,3,37,74,1,13,10.29,0,-1,-1"
"PATTY-EG,numeric/ipc-2023/zenotravel,pfile10.pddl,True,False,3740.0,2,31,964,3336,2,1,79,7,393,786,1,31,23.76,0,-1,-1"
"PATTY-EG,numeric/ipc-2023/zenotravel,pfile11.pddl,True,False,4420.0,1,25,650,2074,1,0,81,7,471,471,1,25,17.46,0,-1,-1"
"PATTY-EG,numeric/ipc-2023/zenotravel,pfile12.pddl,True,False,7560.0,2,41,1214,4270,2,1,90,7,507,1014,1,41,30.03,0,-1,-1"
"PATTY-EG,numeric/ipc-2023/zenotravel,pfile13.pddl,True,False,6740.0,2,45,1394,4882,2,1,108,7,579,1158,1,45,30.51,0,-1,-1"
"PATTY-EG,numeric/ipc-2023/zenotravel,pfile15.pddl,False,True,30000,-1,0,-1,-1,-1,-1,315,11,3245,-1,-1,-1,-1,-1,-1,-1"
"PATTY-EG,numeric/ipc-2023/zenotravel,pfile16.pddl,False,True,30000,-1,0,-1,-1,-1,-1,355,11,4065,-1,-1,-1,-1,-1,-1,-1"
"PATTY-EG,numeric/ipc-2023/zenotravel,pfile17.pddl,False,True,30000,-1,0,-1,-1,-1,-1,500,11,5765,-1,-1,-1,-1,-1,-1,-1"
"PATTY-EG,numeric/ipc-2023/zenotravel,pfile18.pddl,False,True,30000,-1,0,-1,-1,-1,-1,550,11,6845,-1,-1,-1,-1,-1,-1,-1"
"PATTY-EG,numeric/ipc-2023/zenotravel,pfile19.pddl,False,True,30000,-1,0,-1,-1,-1,-1,725,11,9005,-1,-1,-1,-1,-1,-1,-1"
"PATTY-EG,numeric/ipc-2023/zenotravel,pfile2.pddl,True,False,1230.0,2,14,112,340,2,1,15,3,37,74,1,14,10.51,0,-1,-1"
"PATTY-EG,numeric/ipc-2023/zenotravel,pfile20.pddl,False,True,30000,-1,0,-1,-1,-1,-1,785,11,10345,-1,-1,-1,-1,-1,-1,-1"
"PATTY-EG,numeric/ipc-2023/zenotravel,pfile21.pddl,False,True,30000,-1,0,-1,-1,-1,-1,1025,11,13755,-1,-1,-1,-1,-1,-1,-1"
"PATTY-EG,numeric/ipc-2023/zenotravel,pfile22.pddl,False,True,30000,-1,0,-1,-1,-1,-1,1375,11,19505,-1,-1,-1,-1,-1,-1,-1"
"PATTY-EG,numeric/ipc-2023/zenotravel,pfile23.pddl,False,True,30000,-1,0,-1,-1,-1,-1,1775,1256,26255,-1,-1,-1,-1,-1,-1,-1"
"PATTY-EG,numeric/ipc-2023/zenotravel,pfile3.pddl,True,False,880.0,1,11,150,416,1,0,26,5,86,86,1,11,6.84,0,-1,-1"
"PATTY-EG,numeric/ipc-2023/zenotravel,pfile4.pddl,True,False,1520.0,2,26,272,870,2,1,31,5,98,196,1,26,11.61,0,-1,-1"
"PATTY-EG,numeric/ipc-2023/zenotravel,pfile5.pddl,True,False,1390.0,1,17,206,604,1,0,32,5,130,130,1,17,9.59,0,-1,-1"
"PATTY-EG,numeric/ipc-2023/zenotravel,pfile6.pddl,True,False,2050.0,2,27,382,1268,2,1,38,5,146,292,1,27,16.49,0,-1,-1"
"PATTY-EG,numeric/ipc-2023/zenotravel,pfile8.pddl,True,False,2250.0,1,22,476,1486,1,0,63,7,333,333,1,22,13.94,0,-1,-1"
"PATTY-EG,numeric/line-exchange,3_10_50_10.pddl,True,False,1040.0,3,94,86,229,3,2,5,8,16,48,10,25,3.96,14,-1,-1"
"PATTY-EG,numeric/line-exchange,3_10_90_50.pddl,True,False,910.0,2,125,66,165,2,1,5,8,16,32,27,19,3.15,10,-1,-1"
"PATTY-EG,numeric/line-exchange,3_15_25_100.pddl,True,False,930.0,3,531,86,229,3,2,5,8,16,48,100,27,3.96,15,-1,-1"
"PATTY-EG,numeric/line-exchange,3_15_90_10.pddl,True,False,1050.0,3,110,86,229,3,2,5,8,16,48,20,25,3.96,14,-1,-1"
"PATTY-EG,numeric/line-exchange,3_5_50_50.pddl,True,False,1000.0,3,280,86,229,3,2,5,8,16,48,50,26,3.96,14,-1,-1"
"PATTY-EG,numeric/line-exchange,3_5_90_100.pddl,True,False,1250.0,3,430,86,229,3,2,5,8,16,48,100,25,3.96,13,-1,-1"
"PATTY-EG,numeric/line-exchange,4_10_25_10.pddl,True,False,840.0,3,113,123,330,3,2,7,11,23,69,10,35,4.04,17,-1,-1"
"PATTY-EG,numeric/line-exchange,4_10_50_50.pddl,True,False,1130.0,3,478,123,330,3,2,7,11,23,69,50,36,4.04,20,-1,-1"
"PATTY-EG,numeric/line-exchange,4_10_90_100.pddl,True,False,790.0,2,443,94,237,2,1,7,11,23,46,52,26,3.2,14,-1,-1"
"PATTY-EG,numeric/line-exchange,4_15_50_10.pddl,True,False,1070.0,3,107,123,330,3,2,7,11,23,69,10,36,4.04,19,-1,-1"
"PATTY-EG,numeric/line-exchange,4_15_90_50.pddl,True,False,1090.0,3,456,123,330,3,2,7,11,23,69,50,37,4.04,21,-1,-1"
"PATTY-EG,numeric/line-exchange,4_5_25_50.pddl,True,False,950.0,2,229,94,237,2,1,7,11,23,46,27,25,3.2,12,-1,-1"
"PATTY-EG,numeric/line-exchange,4_5_50_100.pddl,True,False,1140.0,3,833,123,330,3,2,7,11,23,69,100,38,4.04,18,-1,-1"
"PATTY-EG,numeric/line-exchange,5_10_25_50.pddl,True,False,1490.0,3,453,160,431,3,2,9,14,30,90,50,45,4.08,26,-1,-1"
"PATTY-EG,numeric/line-exchange,5_10_50_100.pddl,True,False,1250.0,3,1047,160,431,3,2,9,14,30,90,100,48,4.08,23,-1,-1"
"PATTY-EG,numeric/line-exchange,5_15_25_10.pddl,True,False,1230.0,3,147,160,431,3,2,9,14,30,90,10,52,4.08,23,-1,-1"
"PATTY-EG,numeric/line-exchange,5_15_50_50.pddl,True,False,1260.0,3,541,160,431,3,2,9,14,30,90,50,44,4.08,21,-1,-1"
"PATTY-EG,numeric/line-exchange,5_15_90_100.pddl,True,False,1020.0,3,1064,160,431,3,2,9,14,30,90,100,48,4.08,24,-1,-1"
"PATTY-EG,numeric/line-exchange,5_5_25_100.pddl,True,False,970.0,3,751,160,431,3,2,9,14,30,90,100,45,4.08,22,-1,-1"
"PATTY-EG,numeric/line-exchange,5_5_90_10.pddl,True,False,1450.0,3,159,160,431,3,2,9,14,30,90,10,51,4.08,26,-1,-1"
"PATTY-EH,numeric/ipc-2023/block-grouping,instance_100_20_5_1.pddl,True,False,1550.0,1,4436,160,401,1,1,0,40,80,80,99,80,2.0,76,-1,-1"
"PATTY-EH,numeric/ipc-2023/block-grouping,instance_100_25_6_2.pddl,True,False,1810.0,1,2230,200,501,1,1,0,50,100,100,96,98,2.0,94,-1,-1"
"PATTY-EH,numeric/ipc-2023/block-grouping,instance_11_10_2_3.pddl,True,False,720.0,1,118,80,201,1,1,0,20,40,40,9,36,1.99,36,-1,-1"
"PATTY-EH,numeric/ipc-2023/block-grouping,instance_11_30_7_2.pddl,True,False,2300.0,1,425,240,601,1,1,0,60,120,120,10,113,2.0,102,-1,-1"
"PATTY-EH,numeric/ipc-2023/block-grouping,instance_11_35_8_3.pddl,True,False,4470.0,1,441,280,701,1,1,0,70,140,140,10,128,2.0,104,-1,-1"
"PATTY-EH,numeric/ipc-2023/block-grouping,instance_11_40_10_1.pddl,True,False,3070.0,1,465,320,801,1,1,0,80,160,160,10,119,2.0,99,-1,-1"
"PATTY-EH,numeric/ipc-2023/block-grouping,instance_15_10_2_3.pddl,True,False,790.0,1,215,80,201,1,1,0,20,40,40,14,40,1.99,34,-1,-1"
"PATTY-EH,numeric/ipc-2023/block-grouping,instance_15_25_6_3.pddl,True,False,1390.0,1,482,200,501,1,1,0,50,100,100,14,92,2.0,89,-1,-1"
"PATTY-EH,numeric/ipc-2023/block-grouping,instance_20_10_2_1.pddl,True,False,980.0,1,240,80,201,1,1,0,20,40,40,19,40,1.99,40,-1,-1"
"PATTY-EH,numeric/ipc-2023/block-grouping,instance_20_10_2_3.pddl,True,False,970.0,1,220,80,201,1,1,0,20,40,40,19,33,1.99,28,-1,-1"
"PATTY-EH,numeric/ipc-2023/block-grouping,instance_20_15_3_2.pddl,True,False,1250.0,1,281,120,301,1,1,0,30,60,60,16,60,1.99,53,-1,-1"
"PATTY-EH,numeric/ipc-2023/block-grouping,instance_20_30_7_2.pddl,True,False,2300.0,1,665,240,601,1,1,0,60,120,120,19,109,2.0,99,-1,-1"
"PATTY-EH,numeric/ipc-2023/block-grouping,instance_20_40_10_2.pddl,True,False,3290.0,1,945,320,801,1,1,0,80,160,160,19,150,2.0,141,-1,-1"
"PATTY-EH,numeric/ipc-2023/block-grouping,instance_20_5_2_1.pddl,True,False,980.0,1,77,40,101,1,1,0,10,20,20,15,19,1.98,18,-1,-1"
"PATTY-EH,numeric/ipc-2023/block-grouping,instance_20_5_2_2.pddl,True,False,630.0,1,83,40,101,1,1,0,10,20,20,12,20,1.98,15,-1,-1"
"PATTY-EH,numeric/ipc-2023/block-grouping,instance_25_15_3_1.pddl,True,False,920.0,1,351,120,301,1,1,0,30,60,60,24,60,1.99,56,-1,-1"
"PATTY-EH,numeric/ipc-2023/block-grouping,instance_25_35_8_1.pddl,True,False,3390.0,1,953,280,701,1,1,0,70,140,140,23,137,2.0,109,-1,-1"
"PATTY-EH,numeric/ipc-2023/block-grouping,instance_25_40_10_3.pddl,True,False,3370.0,1,1109,320,801,1,1,0,80,160,160,24,153,2.0,140,-1,-1"
"PATTY-EH,numeric/ipc-2023/block-grouping,instance_5_25_6_1.pddl,True,False,1720.0,1,138,200,501,1,1,0,50,100,100,4,73,2.0,49,-1,-1"
"PATTY-EH,numeric/ipc-2023/block-grouping,instance_7_10_2_1.pddl,True,False,770.0,1,79,80,201,1,1,0,20,40,40,6,35,1.99,21,-1,-1"
"PATTY-EH,numeric/ipc-2023/counters,fz_instance_12.pddl,True,False,860.0,1,68,48,121,1,1,0,12,24,24,11,12,1.98,11,-1,-1"
"PATTY-EH,numeric/ipc-2023/counters,fz_instance_4.pddl,True,False,770.0,1,8,16,41,1,1,0,4,8,8,3,4,1.95,2,-1,-1"
"PATTY-EH,numeric/ipc-2023/counters,fz_instance_40.pddl,True,False,1130.0,1,784,160,401,1,1,0,40,80,80,40,41,2.0,38,-1,-1"
"PATTY-EH,numeric/ipc-2023/counters,inv_instance_12.pddl,True,False,660.0,1,170,48,121,1,1,0,12,24,24,20,23,1.98,19,-1,-1"
"PATTY-EH,numeric/ipc-2023/counters,inv_instance_16.pddl,True,False,890.0,1,286,64,161,1,1,0,16,32,32,30,31,1.99,26,-1,-1"
"PATTY-EH,numeric/ipc-2023/counters,inv_instance_36.pddl,True,False,1100.0,1,1451,144,361,1,1,0,36,72,72,72,72,1.99,59,-1,-1"
"PATTY-EH,numeric/ipc-2023/counters,inv_instance_4.pddl,True,False,890.0,1,22,16,41,1,1,0,4,8,8,6,7,1.95,6,-1,-1"
"PATTY-EH,numeric/ipc-2023/counters,rnd_instance_12_3.pddl,True,False,820.0,1,114,48,121,1,1,0,12,24,24,15,17,1.98,14,-1,-1"
"PATTY-EH,numeric/ipc-2023/counters,rnd_instance_20_1.pddl,True,False,780.0,1,359,80,201,1,1,0,20,40,40,38,40,1.99,26,-1,-1"
"PATTY-EH,numeric/ipc-2023/counters,rnd_instance_24_1.pddl,True,False,1010.0,1,363,96,241,1,1,0,24,48,48,40,40,1.99,27,-1,-1"
"PATTY-EH,numeric/ipc-2023/counters,rnd_instance_28_1.pddl,True,False,960.0,1,507,112,281,1,1,0,28,56,56,42,56,1.99,45,-1,-1"
"PATTY-EH,numeric/ipc-2023/counters,rnd_instance_32_1.pddl,True,False,1060.0,1,871,128,321,1,1,0,32,64,64,64,64,1.99,54,-1,-1"
"PATTY-EH,numeric/ipc-2023/counters,rnd_instance_32_2.pddl,True,False,1020.0,1,823,128,321,1,1,0,32,64,64,60,63,1.99,55,-1,-1"
"PATTY-EH,numeric/ipc-2023/counters,rnd_instance_36_2.pddl,True,False,1190.0,1,692,144,361,1,1,0,36,72,72,55,72,1.99,54,-1,-1"
"PATTY-EH,numeric/ipc-2023/counters,rnd_instance_40_1.pddl,True,False,910.0,1,1025,160,401,1,1,0,40,80,80,66,80,2.0,69,-1,-1"
"PATTY-EH,numeric/ipc-2023/counters,rnd_instance_40_2.pddl,True,False,1120.0,1,1226,160,401,1,1,0,40,80,80,67,80,2.0,61,-1,-1"
"PATTY-EH,numeric/ipc-2023/counters,rnd_instance_40_3.pddl,True,False,1150.0,1,1291,160,401,1,1,0,40,80,80,70,80,2.0,53,-1,-1"
"PATTY-EH,numeric/ipc-2023/counters,rnd_instance_4_1.pddl,True,False,980.0,1,22,16,41,1,1,0,4,8,8,7,8,1.95,5,-1,-1"
"PATTY-EH,numeric/ipc-2023/counters,rnd_instance_8_2.pddl,True,False,970.0,1,46,32,81,1,1,0,8,16,16,12,8,1.98,7,-1,-1"
"PATTY-EH,numeric/ipc-2023/counters,rnd_instance_8_3.pddl,True,False,790.0,1,45,32,81,1,1,0,8,16,16,13,10,1.98,9,-1,-1"
"PATTY-EH,numeric/ipc-2023/delivery,prob01.pddl,True,False,1000.0,1,11,234,646,1,1,46,3,136,136,1,11,10.4,0,-1,-1"
"PATTY-EH,numeric/ipc-2023/delivery,prob02.pddl,True,False,3080.0,2,24,534,1738,2,2,64,3,200,400,1,24,24.76,0,-1,-1"
"PATTY-EH,numeric/ipc-2023/delivery,prob03.pddl,True,False,3350.0,2,22,698,2286,2,2,82,3,264,528,1,22,31.37,0,-1,-1"
"PATTY-EH,numeric/ipc-2023/delivery,prob04.pddl,True,False,27380.0,3,40,1746,6178,3,3,132,3,492,1476,1,40,79.48,0,-1,-1"
"PATTY-EH,numeric/ipc-2023/delivery,prob05.pddl,True,False,27860.0,3,38,1418,4950,3,3,118,3,392,1176,1,38,64.45,0,-1,-1"
"PATTY-EH,numeric/ipc-2023/delivery,prob06.pddl,False,True,30000,-1,0,2038,7226,3,-1,152,3,576,1728,-1,-1,97.29,-1,-1,-1"
"PATTY-EH,numeric/ipc-2023/delivery,prob07.pddl,False,True,30000,-1,0,2318,8226,3,-1,172,3,656,1968,-1,-1,110.27,-1,-1,-1"
"PATTY-EH,numeric/ipc-2023/delivery,prob08.pddl,False,True,30000,-1,0,1862,6282,2,-1,192,3,736,1472,-1,-1,84.97,-1,-1,-1"
"PATTY-EH,numeric/ipc-2023/delivery,prob09.pddl,False,True,30000,-1,0,1454,4398,1,-1,234,3,980,980,-1,-1,60.31,-1,-1,-1"
"PATTY-EH,numeric/ipc-2023/delivery,prob10.pddl,False,True,30000,-1,0,2280,7127,1,-1,329,4,1614,1614,-1,-1,67.45,-1,-1,-1"
"PATTY-EH,numeric/ipc-2023/delivery,prob11.pddl,False,True,30000,-1,0,1706,5171,1,-1,274,2,1154,1154,-1,-1,73.24,-1,-1,-1"
"PATTY-EH,numeric/ipc-2023/delivery,prob12.pddl,False,True,30000,-1,0,2665,8331,1,-1,385,4,1887,1887,-1,-1,76.36,-1,-1,-1"
"PATTY-EH,numeric/ipc-2023/delivery,prob13.pddl,False,True,30000,-1,0,2865,8963,1,-1,413,4,2031,2031,-1,-1,81.76,-1,-1,-1"
"PATTY-EH,numeric/ipc-2023/delivery,prob14.pddl,False,True,30000,-1,0,-1,-1,-1,-1,474,4,2541,-1,-1,-1,-1,-1,-1,-1"
"PATTY-EH,numeric/ipc-2023/delivery,prob15.pddl,False,True,30000,-1,0,-1,-1,-1,-1,504,4,2709,-1,-1,-1,-1,-1,-1,-1"
"PATTY-EH,numeric/ipc-2023/delivery,prob16.pddl,False,True,30000,-1,0,-1,-1,-1,-1,639,4,4305,-1,-1,-1,-1,-1,-1,-1"
"PATTY-EH,numeric/ipc-2023/delivery,prob17.pddl,False,True,30000,-1,0,-1,-1,-1,-1,675,4,4557,-1,-1,-1,-1,-1,-1,-1"
"PATTY-EH,numeric/ipc-2023/delivery,prob18.pddl,False,True,30000,-1,0,-1,-1,-1,-1,711,4,4809,-1,-1,-1,-1,-1,-1,-1"
"PATTY-EH,numeric/ipc-2023/delivery,prob19.pddl,False,True,30000,-1,0,-1,-1,-1,-1,747,4,5061,-1,-1,-1,-1,-1,-1,-1"
"PATTY-EH,numeric/ipc-2023/delivery,prob20.pddl,False,True,30000,-1,0,-1,-1,-1,-1,783,4,5313,-1,-1,-1,-1,-1,-1,-1"
"PATTY-EH,numeric/ipc-2023/drone,problem_10_10_3.pddl,False,True,30000,-1,0,916,1541,1,-1,300,4,307,307,-1,-1,63.93,-1,-1,-1"
"PATTY-EH,numeric/ipc-2023/drone,problem_1_1_2.pddl,True,False,870.0,3,9,42,111,3,3,2,4,9,27,2,8,6.25,1,-1,-1"
"PATTY-EH,numeric/ipc-2023/drone,problem_1_1_4.pddl,True,False,1180.0,5,13,76,205,5,5,4,4,11,55,2,10,9.84,3,-1,-1"
"PATTY-EH,numeric/ipc-2023/drone,problem_1_8_1.pddl,True,False,4330.0,9,43,168,465,9,9,8,4,15,135,21,17,17.34,4,-1,-1"
"PATTY-EH,numeric/ipc-2023/drone,problem_1_9_3.pddl,False,True,30000,-1,0,307,806,7,-1,27,4,34,238,-1,-1,22.58,-1,-1,-1"
"PATTY-EH,numeric/ipc-2023/drone,problem_2_5_4.pddl,False,True,30000,-1,0,424,1105,7,-1,40,4,47,329,-1,-1,27.27,-1,-1,-1"
"PATTY-EH,numeric/ipc-2023/drone,problem_2_8_3.pddl,False,True,30000,-1,0,496,1289,7,-1,48,4,55,385,-1,-1,30.12,-1,-1,-1"
"PATTY-EH,numeric/ipc-2023/drone,problem_2_9_1.pddl,False,True,30000,-1,0,252,677,8,-1,18,4,25,200,-1,-1,20.99,-1,-1,-1"
"PATTY-EH,numeric/ipc-2023/drone,problem_3_3_4.pddl,False,True,30000,-1,0,388,1013,7,-1,36,4,43,301,-1,-1,26.13,-1,-1,-1"
"PATTY-EH,numeric/ipc-2023/drone,problem_4_2_5.pddl,False,True,30000,-1,0,424,1105,7,-1,40,4,47,329,-1,-1,27.26,-1,-1,-1"
"PATTY-EH,numeric/ipc-2023/drone,problem_4_9_5.pddl,False,True,30000,-1,0,932,2069,3,-1,180,4,187,561,-1,-1,57.98,-1,-1,-1"
"PATTY-EH,numeric/ipc-2023/drone,problem_5_10_1.pddl,False,True,30000,-1,0,456,1161,6,-1,50,4,57,342,-1,-1,28.04,-1,-1,-1"
"PATTY-EH,numeric/ipc-2023/drone,problem_5_2_2.pddl,False,True,30000,-1,0,272,729,8,-1,20,4,27,216,-1,-1,22.0,-1,-1,-1"
"PATTY-EH,numeric/ipc-2023/drone,problem_6_8_1.pddl,False,True,30000,-1,0,496,1289,7,-1,48,4,55,385,-1,-1,29.44,-1,-1,-1"
"PATTY-EH,numeric/ipc-2023/drone,problem_7_6_4.pddl,False,True,30000,-1,0,872,1937,3,-1,168,4,175,525,-1,-1,54.69,-1,-1,-1"
"PATTY-EH,numeric/ipc-2023/drone,problem_8_1_2.pddl,False,True,30000,-1,0,232,625,8,-1,16,4,23,184,-1,-1,19.99,-1,-1,-1"
"PATTY-EH,numeric/ipc-2023/drone,problem_8_1_4.pddl,False,True,30000,-1,0,392,1041,8,-1,32,4,39,312,-1,-1,26.36,-1,-1,-1"
"PATTY-EH,numeric/ipc-2023/drone,problem_8_1_5.pddl,False,True,30000,-1,0,424,1105,7,-1,40,4,47,329,-1,-1,27.26,-1,-1,-1"
"PATTY-EH,numeric/ipc-2023/drone,problem_8_7_1.pddl,False,True,30000,-1,0,504,1281,6,-1,56,4,63,378,-1,-1,30.73,-1,-1,-1"
"PATTY-EH,numeric/ipc-2023/drone,problem_9_7_3.pddl,False,True,30000,-1,0,780,1577,2,-1,189,4,196,392,-1,-1,54.59,-1,-1,-1"
"PATTY-EH,numeric/ipc-2023/expedition,pfile1.pddl,True,False,2480.0,3,46,340,1003,3,3,24,14,88,264,4,26,37.79,9,-1,-1"
"PATTY-EH,numeric/ipc-2023/expedition,pfile10.pddl,False,True,30000,-1,0,1468,4715,6,-1,56,30,216,1296,-1,-1,181.64,-1,-1,-1"
"PATTY-EH,numeric/ipc-2023/expedition,pfile11.pddl,True,False,2000.0,3,42,172,505,3,3,12,8,44,132,4,27,20.33,7,-1,-1"
"PATTY-EH,numeric/ipc-2023/expedition,pfile12.pddl,False,True,30000,-1,0,674,2132,5,-1,30,17,116,580,-1,-1,82.32,-1,-1,-1"
"PATTY-EH,numeric/ipc-2023/expedition,pfile13.pddl,False,True,30000,-1,0,306,956,5,-1,14,9,52,260,-1,-1,38.77,-1,-1,-1"
"PATTY-EH,numeric/ipc-2023/expedition,pfile14.pddl,False,True,30000,-1,0,352,1103,5,-1,16,10,60,300,-1,-1,44.23,-1,-1,-1"
"PATTY-EH,numeric/ipc-2023/expedition,pfile15.pddl,False,True,30000,-1,0,398,1250,5,-1,18,11,68,340,-1,-1,49.68,-1,-1,-1"
"PATTY-EH,numeric/ipc-2023/expedition,pfile16.pddl,False,True,30000,-1,0,444,1397,5,-1,20,12,76,380,-1,-1,55.12,-1,-1,-1"
"PATTY-EH,numeric/ipc-2023/expedition,pfile17.pddl,False,True,30000,-1,0,490,1544,5,-1,22,13,84,420,-1,-1,60.56,-1,-1,-1"
"PATTY-EH,numeric/ipc-2023/expedition,pfile18.pddl,False,True,30000,-1,0,628,2011,6,-1,24,14,92,552,-1,-1,79.35,-1,-1,-1"
"PATTY-EH,numeric/ipc-2023/expedition,pfile19.pddl,False,True,30000,-1,0,582,1838,5,-1,26,15,100,500,-1,-1,71.44,-1,-1,-1"
"PATTY-EH,numeric/ipc-2023/expedition,pfile2.pddl,False,True,30000,-1,0,1576,5065,6,-1,60,32,232,1392,-1,-1,194.8,-1,-1,-1"
"PATTY-EH,numeric/ipc-2023/expedition,pfile20.pddl,False,True,30000,-1,0,628,1985,5,-1,28,16,108,540,-1,-1,76.88,-1,-1,-1"
"PATTY-EH,numeric/ipc-2023/expedition,pfile3.pddl,True,False,8700.0,6,78,712,2265,6,6,28,16,104,624,4,42,89.52,16,-1,-1"
"PATTY-EH,numeric/ipc-2023/expedition,pfile4.pddl,False,True,30000,-1,0,940,3031,7,-1,32,18,120,840,-1,-1,120.11,-1,-1,-1"
"PATTY-EH,numeric/ipc-2023/expedition,pfile5.pddl,False,True,30000,-1,0,1200,3909,8,-1,36,20,136,1088,-1,-1,155.28,-1,-1,-1"
"PATTY-EH,numeric/ipc-2023/expedition,pfile6.pddl,False,True,30000,-1,0,1188,3843,7,-1,40,22,152,1064,-1,-1,150.99,-1,-1,-1"
"PATTY-EH,numeric/ipc-2023/expedition,pfile7.pddl,False,True,30000,-1,0,1144,3665,6,-1,44,24,168,1008,-1,-1,142.15,-1,-1,-1"
"PATTY-EH,numeric/ipc-2023/expedition,pfile8.pddl,False,True,30000,-1,0,1252,4015,6,-1,48,26,184,1104,-1,-1,155.31,-1,-1,-1"
"PATTY-EH,numeric/ipc-2023/expedition,pfile9.pddl,False,True,30000,-1,0,1560,5061,7,-1,52,28,200,1400,-1,-1,197.32,-1,-1,-1"
"PATTY-EH,numeric/ipc-2023/ext-plant-watering,instance_10_11_2_1.pddl,False,True,30000,-1,0,320,908,7,-1,0,20,40,280,-1,-1,36.41,-1,-1,-1"
"PATTY-EH,numeric/ipc-2023/ext-plant-watering,instance_10_17_2_1.pddl,False,True,30000,-1,0,364,1022,6,-1,0,26,52,312,-1,-1,41.74,-1,-1,-1"
"PATTY-EH,numeric/ipc-2023/ext-plant-watering,instance_10_5_2_1.pddl,True,False,3290.0,7,239,224,638,7,7,0,14,28,196,8,90,25.43,71,-1,-1"
"PATTY-EH,numeric/ipc-2023/ext-plant-watering,instance_10_7_2_1.pddl,False,True,30000,-1,0,384,1112,11,-1,0,16,32,352,-1,-1,44.37,-1,-1,-1"
"PATTY-EH,numeric/ipc-2023/ext-plant-watering,instance_11_17_2_1.pddl,False,True,30000,-1,0,312,866,5,-1,0,26,52,260,-1,-1,35.0,-1,-1,-1"
"PATTY-EH,numeric/ipc-2023/ext-plant-watering,instance_11_5_2_1.pddl,True,False,2620.0,7,250,224,638,7,7,0,14,28,196,10,72,25.43,57,-1,-1"
"PATTY-EH,numeric/ipc-2023/ext-plant-watering,instance_12_15_2_1.pddl,False,True,30000,-1,0,288,800,5,-1,0,24,48,240,-1,-1,32.16,-1,-1,-1"
"PATTY-EH,numeric/ipc-2023/ext-plant-watering,instance_12_17_2_1.pddl,False,True,30000,-1,0,312,866,5,-1,0,26,52,260,-1,-1,35.0,-1,-1,-1"
"PATTY-EH,numeric/ipc-2023/ext-plant-watering,instance_12_19_2_1.pddl,False,True,30000,-1,0,392,1100,6,-1,0,28,56,336,-1,-1,45.2,-1,-1,-1"
"PATTY-EH,numeric/ipc-2023/ext-plant-watering,instance_12_7_2_1.pddl,True,False,7510.0,8,434,288,824,8,8,0,16,32,256,11,121,32.82,115,-1,-1"
"PATTY-EH,numeric/ipc-2023/ext-plant-watering,instance_13_13_2_1.pddl,False,True,30000,-1,0,308,866,6,-1,0,22,44,264,-1,-1,34.9,-1,-1,-1"
"PATTY-EH,numeric/ipc-2023/ext-plant-watering,instance_13_15_2_1.pddl,False,True,30000,-1,0,336,944,6,-1,0,24,48,288,-1,-1,38.29,-1,-1,-1"
"PATTY-EH,numeric/ipc-2023/ext-plant-watering,instance_13_9_2_1.pddl,False,True,30000,-1,0,288,818,7,-1,0,18,36,252,-1,-1,32.67,-1,-1,-1"
"PATTY-EH,numeric/ipc-2023/ext-plant-watering,instance_14_13_2_1.pddl,False,True,30000,-1,0,352,998,7,-1,0,22,44,308,-1,-1,40.4,-1,-1,-1"
"PATTY-EH,numeric/ipc-2023/ext-plant-watering,instance_14_17_2_1.pddl,False,True,30000,-1,0,312,866,5,-1,0,26,52,260,-1,-1,35.01,-1,-1,-1"
"PATTY-EH,numeric/ipc-2023/ext-plant-watering,instance_14_19_2_1.pddl,False,True,30000,-1,0,336,932,5,-1,0,28,56,280,-1,-1,37.91,-1,-1,-1"
"PATTY-EH,numeric/ipc-2023/ext-plant-watering,instance_15_15_2_1.pddl,False,True,30000,-1,0,336,944,6,-1,0,24,48,288,-1,-1,38.29,-1,-1,-1"
"PATTY-EH,numeric/ipc-2023/ext-plant-watering,instance_15_17_2_1.pddl,False,True,30000,-1,0,312,866,5,-1,0,26,52,260,-1,-1,35.03,-1,-1,-1"
"PATTY-EH,numeric/ipc-2023/ext-plant-watering,instance_15_19_2_1.pddl,False,True,30000,-1,0,336,932,5,-1,0,28,56,280,-1,-1,37.89,-1,-1,-1"
"PATTY-EH,numeric/ipc-2023/ext-plant-watering,instance_15_7_2_1.pddl,True,False,13780.0,9,472,320,920,9,9,0,16,32,288,14,131,36.64,113,-1,-1"
"PATTY-EH,numeric/ipc-2023/farmland,instance_10_500_1229.pddl,True,False,1640.0,1,966,74,190,1,1,0,11,52,52,380,33,4.97,28,-1,-1"
"PATTY-EH,numeric/ipc-2023/farmland,instance_10_700_1229.pddl,True,False,890.0,1,1331,74,190,1,1,0,11,52,52,549,35,4.97,35,-1,-1"
"PATTY-EH,numeric/ipc-2023/farmland,instance_2_300_1229.pddl,True,False,610.0,1,221,10,22,1,1,0,3,4,4,195,2,2.55,2,-1,-1"
"PATTY-EH,numeric/ipc-2023/farmland,instance_2_600_1229.pddl,True,False,750.0,1,440,10,22,1,1,0,3,4,4,387,2,2.55,2,-1,-1"
"PATTY-EH,numeric/ipc-2023/farmland,instance_2_700_1229.pddl,True,False,970.0,1,513,10,22,1,1,0,3,4,4,451,2,2.55,2,-1,-1"
"PATTY-EH,numeric/ipc-2023/farmland,instance_4_200_1229.pddl,True,False,630.0,1,197,26,64,1,1,0,5,16,16,164,10,4.0,10,-1,-1"
"PATTY-EH,numeric/ipc-2023/farmland,instance_4_300_1229.pddl,True,False,950.0,1,269,26,64,1,1,0,5,16,16,228,10,4.0,10,-1,-1"
"PATTY-EH,numeric/ipc-2023/farmland,instance_4_400_1229.pddl,True,False,850.0,1,346,26,64,1,1,0,5,16,16,296,10,4.0,10,-1,-1"
"PATTY-EH,numeric/ipc-2023/farmland,instance_4_600_1229.pddl,True,False,900.0,1,492,26,64,1,1,0,5,16,16,424,10,4.0,10,-1,-1"
"PATTY-EH,numeric/ipc-2023/farmland,instance_4_700_1229.pddl,True,False,880.0,1,565,26,64,1,1,0,5,16,16,488,10,4.0,10,-1,-1"
"PATTY-EH,numeric/ipc-2023/farmland,instance_4_800_1229.pddl,True,False,690.0,1,638,26,64,1,1,0,5,16,16,552,10,4.0,10,-1,-1"
"PATTY-EH,numeric/ipc-2023/farmland,instance_6_100_1229.pddl,True,False,890.0,1,243,42,106,1,1,0,7,28,28,84,17,4.62,14,-1,-1"
"PATTY-EH,numeric/ipc-2023/farmland,instance_6_200_1229.pddl,True,False,740.0,1,532,42,106,1,1,0,7,28,28,157,20,4.62,18,-1,-1"
"PATTY-EH,numeric/ipc-2023/farmland,instance_6_400_1229.pddl,True,False,1000.0,1,930,42,106,1,1,0,7,28,28,351,21,4.62,20,-1,-1"
"PATTY-EH,numeric/ipc-2023/farmland,instance_6_500_1229.pddl,True,False,740.0,1,1423,42,106,1,1,0,7,28,28,454,21,4.62,20,-1,-1"
"PATTY-EH,numeric/ipc-2023/farmland,instance_6_600_1229.pddl,True,False,940.0,1,1495,42,106,1,1,0,7,28,28,480,21,4.62,20,-1,-1"
"PATTY-EH,numeric/ipc-2023/farmland,instance_6_900_1229.pddl,True,False,1090.0,1,2440,42,106,1,1,0,7,28,28,610,21,4.62,20,-1,-1"
"PATTY-EH,numeric/ipc-2023/farmland,instance_8_200_1229.pddl,True,False,1070.0,1,526,58,148,1,1,0,9,40,40,167,29,4.78,27,-1,-1"
"PATTY-EH,numeric/ipc-2023/farmland,instance_8_400_1229.pddl,True,False,1320.0,1,426,58,148,1,1,0,9,40,40,314,23,4.78,20,-1,-1"
"PATTY-EH,numeric/ipc-2023/farmland,instance_8_700_1229.pddl,True,False,750.0,1,716,58,148,1,1,0,9,40,40,574,28,4.78,26,-1,-1"
"PATTY-EH,numeric/ipc-2023/fo-farmland,instance_10_100_1229.pddl,True,False,5380.0,1,139,77,186,1,1,0,12,53,53,54,18,6.12,10,-1,-1"
"PATTY-EH,numeric/ipc-2023/fo-farmland,instance_10_200_1229.pddl,True,False,22790.0,1,433,77,186,1,1,0,12,53,53,83,36,6.12,30,-1,-1"
"PATTY-EH,numeric/ipc-2023/fo-farmland,instance_10_400_1229.pddl,True,False,4590.0,1,904,77,186,1,1,0,12,53,53,378,29,6.12,24,-1,-1"
"PATTY-EH,numeric/ipc-2023/fo-farmland,instance_2_200_1229.pddl,True,False,760.0,1,145,13,26,1,1,0,4,5,5,114,3,2.88,3,-1,-1"
"PATTY-EH,numeric/ipc-2023/fo-farmland,instance_2_400_1229.pddl,True,False,610.0,1,289,13,26,1,1,0,4,5,5,229,3,2.88,3,-1,-1"
"PATTY-EH,numeric/ipc-2023/fo-farmland,instance_4_1000_1229.pddl,True,False,950.0,1,1255,29,66,1,1,0,6,17,17,993,9,4.8,7,-1,-1"
"PATTY-EH,numeric/ipc-2023/fo-farmland,instance_4_300_1229.pddl,True,False,1010.0,1,380,29,66,1,1,0,6,17,17,293,9,4.8,7,-1,-1"
"PATTY-EH,numeric/ipc-2023/fo-farmland,instance_4_400_1229.pddl,True,False,740.0,1,437,29,66,1,1,0,6,17,17,392,10,4.8,8,-1,-1"
"PATTY-EH,numeric/ipc-2023/fo-farmland,instance_4_800_1229.pddl,True,False,1060.0,1,513,29,66,1,1,0,6,17,17,482,9,4.8,7,-1,-1"
"PATTY-EH,numeric/ipc-2023/fo-farmland,instance_6_100_1229.pddl,True,False,2130.0,1,204,45,106,1,1,0,8,29,29,68,17,5.56,11,-1,-1"
"PATTY-EH,numeric/ipc-2023/fo-farmland,instance_6_400_1229.pddl,True,False,1460.0,1,1568,45,106,1,1,0,8,29,29,398,20,5.56,10,-1,-1"
"PATTY-EH,numeric/ipc-2023/fo-farmland,instance_6_600_1229.pddl,True,False,1340.0,1,690,45,106,1,1,0,8,29,29,600,10,5.56,8,-1,-1"
"PATTY-EH,numeric/ipc-2023/fo-farmland,instance_6_800_1229.pddl,True,False,1350.0,1,1757,45,106,1,1,0,8,29,29,786,13,5.56,11,-1,-1"
"PATTY-EH,numeric/ipc-2023/fo-farmland,instance_6_900_1229.pddl,True,False,3450.0,1,1674,45,106,1,1,0,8,29,29,565,13,5.56,12,-1,-1"
"PATTY-EH,numeric/ipc-2023/fo-farmland,instance_8_300_1229.pddl,True,False,3930.0,1,742,61,146,1,1,0,10,41,41,263,24,5.8,18,-1,-1"
"PATTY-EH,numeric/ipc-2023/fo-farmland,instance_8_400_1229.pddl,True,False,2560.0,1,1009,61,146,1,1,0,10,41,41,346,24,5.8,21,-1,-1"
"PATTY-EH,numeric/ipc-2023/fo-farmland,instance_8_500_1229.pddl,True,False,4000.0,1,1338,61,146,1,1,0,10,41,41,425,27,5.8,19,-1,-1"
"PATTY-EH,numeric/ipc-2023/fo-farmland,instance_8_600_1229.pddl,True,False,2880.0,1,1635,61,146,1,1,0,10,41,41,525,27,5.8,18,-1,-1"
"PATTY-EH,numeric/ipc-2023/fo-farmland,instance_8_700_1229.pddl,True,False,1830.0,1,1093,61,146,1,1,0,10,41,41,417,18,5.8,15,-1,-1"
"PATTY-EH,numeric/ipc-2023/fo-farmland,instance_8_900_1229.pddl,True,False,3090.0,1,2541,61,146,1,1,0,10,41,41,825,27,5.8,18,-1,-1"
"PATTY-EH,numeric/ipc-2023/fo-sailing,instance_1_1_1229.pddl,True,False,840.0,1,155,18,42,1,1,1,3,10,10,51,9,1.9,7,-1,-1"
"PATTY-EH,numeric/ipc-2023/fo-sailing,instance_1_2_1229.pddl,True,False,660.0,2,202,32,83,2,2,2,3,11,22,159,11,3.0,6,-1,-1"
"PATTY-EH,numeric/ipc-2023/fo-sailing,instance_1_3_1229.pddl,True,False,20670.0,3,20060,48,132,3,3,3,3,12,36,5358,17,4.35,14,-1,-1"
"PATTY-EH,numeric/ipc-2023/fo-sailing,instance_1_4_1229.pddl,False,True,30000,-1,0,66,189,4,-1,4,3,13,52,-1,-1,5.87,-1,-1,-1"
"PATTY-EH,numeric/ipc-2023/fo-sailing,instance_2_1_1229.pddl,True,False,820.0,1,406,34,81,1,1,1,6,20,20,179,10,1.93,6,-1,-1"
"PATTY-EH,numeric/ipc-2023/fo-sailing,instance_2_2_1229.pddl,True,False,840.0,1,357,38,91,1,1,2,6,22,22,135,12,2.4,10,-1,-1"
"PATTY-EH,numeric/ipc-2023/fo-sailing,instance_2_3_1229.pddl,True,False,1540.0,2,1130,66,179,2,2,3,6,24,48,431,24,3.61,21,-1,-1"
"PATTY-EH,numeric/ipc-2023/fo-sailing,instance_2_4_1229.pddl,False,True,30000,-1,0,72,197,2,-1,4,6,26,52,-1,-1,4.07,-1,-1,-1"
"PATTY-EH,numeric/ipc-2023/fo-sailing,instance_3_1_1229.pddl,True,False,710.0,1,455,50,120,1,1,1,9,30,30,180,15,1.93,10,-1,-1"
"PATTY-EH,numeric/ipc-2023/fo-sailing,instance_3_2_1229.pddl,True,False,780.0,1,200,55,134,1,1,2,9,33,33,88,15,2.41,8,-1,-1"
"PATTY-EH,numeric/ipc-2023/fo-sailing,instance_3_3_1229.pddl,True,False,1090.0,1,343,60,148,1,1,3,9,36,36,174,21,2.8,15,-1,-1"
"PATTY-EH,numeric/ipc-2023/fo-sailing,instance_3_4_1229.pddl,False,True,30000,-1,0,104,291,2,-1,4,9,39,78,-1,-1,4.11,-1,-1,-1"
"PATTY-EH,numeric/ipc-2023/fo-sailing,instance_4_1_1229.pddl,True,False,930.0,1,476,66,159,1,1,1,12,40,40,173,14,1.94,9,-1,-1"
"PATTY-EH,numeric/ipc-2023/fo-sailing,instance_4_2_1229.pddl,True,False,1080.0,1,399,72,177,1,1,2,12,44,44,178,13,2.42,9,-1,-1"
"PATTY-EH,numeric/ipc-2023/fo-sailing,instance_4_3_1229.pddl,True,False,920.0,1,321,78,195,1,1,3,12,48,48,183,12,2.81,8,-1,-1"
"PATTY-EH,numeric/ipc-2023/fo-sailing,instance_4_4_1229.pddl,True,False,770.0,1,1220,84,213,1,1,4,12,52,52,322,23,3.14,15,-1,-1"
"PATTY-EH,numeric/ipc-2023/fo-sailing,instance_5_1_1229.pddl,True,False,920.0,1,147,82,198,1,1,1,15,50,50,40,17,1.94,12,-1,-1"
"PATTY-EH,numeric/ipc-2023/fo-sailing,instance_5_2_1229.pddl,True,False,810.0,1,483,89,220,1,1,2,15,55,55,90,27,2.42,20,-1,-1"
"PATTY-EH,numeric/ipc-2023/fo-sailing,instance_5_3_1229.pddl,True,False,1000.0,1,444,96,242,1,1,3,15,60,60,101,18,2.82,13,-1,-1"
"PATTY-EH,numeric/ipc-2023/fo-sailing,instance_5_4_1229.pddl,True,False,1040.0,1,225,103,264,1,1,4,15,65,65,46,20,3.15,12,-1,-1"
"PATTY-EH,numeric/ipc-2023/fo_counters,instance_10.pddl,True,False,660.0,1,67,82,184,1,1,0,21,40,40,10,23,2.68,10,-1,-1"
"PATTY-EH,numeric/ipc-2023/fo_counters,instance_11.pddl,True,False,950.0,1,112,90,202,1,1,0,23,44,44,21,23,2.69,13,-1,-1"
"PATTY-EH,numeric/ipc-2023/fo_counters,instance_12.pddl,True,False,980.0,1,84,98,220,1,1,0,25,48,48,10,32,2.69,13,-1,-1"
"PATTY-EH,numeric/ipc-2023/fo_counters,instance_13.pddl,True,False,820.0,1,122,106,238,1,1,0,27,52,52,26,24,2.69,13,-1,-1"
"PATTY-EH,numeric/ipc-2023/fo_counters,instance_14.pddl,True,False,970.0,1,124,114,256,1,1,0,29,56,56,13,37,2.7,14,-1,-1"
"PATTY-EH,numeric/ipc-2023/fo_counters,instance_15.pddl,True,False,1080.0,1,132,122,274,1,1,0,31,60,60,15,35,2.7,22,-1,-1"
"PATTY-EH,numeric/ipc-2023/fo_counters,instance_16.pddl,True,False,1030.0,1,135,130,292,1,1,0,33,64,64,16,31,2.7,18,-1,-1"
"PATTY-EH,numeric/ipc-2023/fo_counters,instance_17.pddl,True,False,840.0,1,149,138,310,1,1,0,35,68,68,21,35,2.7,20,-1,-1"
"PATTY-EH,numeric/ipc-2023/fo_counters,instance_18.pddl,True,False,890.0,1,170,146,328,1,1,0,37,72,72,18,44,2.7,20,-1,-1"
"PATTY-EH,numeric/ipc-2023/fo_counters,instance_19.pddl,True,False,990.0,1,255,154,346,1,1,0,39,76,76,25,44,2.7,24,-1,-1"
"PATTY-EH,numeric/ipc-2023/fo_counters,instance_2.pddl,True,False,620.0,1,12,18,40,1,1,0,5,8,8,5,5,2.55,2,-1,-1"
"PATTY-EH,numeric/ipc-2023/fo_counters,instance_20.pddl,True,False,1170.0,1,221,162,364,1,1,0,41,80,80,13,57,2.7,42,-1,-1"
"PATTY-EH,numeric/ipc-2023/fo_counters,instance_21.pddl,True,False,1360.0,1,344,170,382,1,1,0,43,84,84,42,41,2.7,23,-1,-1"
"PATTY-EH,numeric/ipc-2023/fo_counters,instance_3.pddl,True,False,590.0,1,15,26,58,1,1,0,7,12,12,7,7,2.6,2,-1,-1"
"PATTY-EH,numeric/ipc-2023/fo_counters,instance_4.pddl,True,False,840.0,1,15,34,76,1,1,0,9,16,16,8,7,2.63,2,-1,-1"
"PATTY-EH,numeric/ipc-2023/fo_counters,instance_5.pddl,True,False,780.0,1,30,42,94,1,1,0,11,20,20,7,12,2.65,6,-1,-1"
"PATTY-EH,numeric/ipc-2023/fo_counters,instance_6.pddl,True,False,720.0,1,36,50,112,1,1,0,13,24,24,10,14,2.66,7,-1,-1"
"PATTY-EH,numeric/ipc-2023/fo_counters,instance_7.pddl,True,False,900.0,1,51,58,130,1,1,0,15,28,28,10,19,2.67,10,-1,-1"
"PATTY-EH,numeric/ipc-2023/fo_counters,instance_8.pddl,True,False,1070.0,1,56,66,148,1,1,0,17,32,32,10,22,2.68,10,-1,-1"
"PATTY-EH,numeric/ipc-2023/fo_counters,instance_9.pddl,True,False,650.0,1,64,74,166,1,1,0,19,36,36,10,23,2.68,8,-1,-1"
"PATTY-EH,numeric/ipc-2023/hydropower,pfile01.pddl,True,False,3490.0,1,63,250,594,1,1,49,3,146,146,1,63,19.22,0,-1,-1"
"PATTY-EH,numeric/ipc-2023/hydropower,pfile02.pddl,False,True,30000,-1,0,250,594,1,-1,49,3,146,146,-1,-1,19.22,-1,-1,-1"
"PATTY-EH,numeric/ipc-2023/hydropower,pfile04.pddl,True,False,7610.0,1,58,250,594,1,1,49,3,146,146,2,50,19.22,8,-1,-1"
"PATTY-EH,numeric/ipc-2023/hydropower,pfile05.pddl,True,False,17030.0,1,87,250,594,1,1,49,3,146,146,3,70,19.22,16,-1,-1"
"PATTY-EH,numeric/ipc-2023/hydropower,pfile06.pddl,True,False,25840.0,1,54,250,594,1,1,49,3,146,146,3,48,19.22,5,-1,-1"
"PATTY-EH,numeric/ipc-2023/hydropower,pfile07.pddl,True,False,15450.0,1,87,250,594,1,1,49,3,146,146,4,64,19.22,21,-1,-1"
"PATTY-EH,numeric/ipc-2023/hydropower,pfile08.pddl,True,False,21900.0,1,88,250,594,1,1,49,3,146,146,4,72,19.22,11,-1,-1"
"PATTY-EH,numeric/ipc-2023/hydropower,pfile09.pddl,True,False,11020.0,1,105,250,594,1,1,49,3,146,146,5,74,19.22,24,-1,-1"
"PATTY-EH,numeric/ipc-2023/hydropower,pfile11.pddl,True,False,8200.0,1,131,250,594,1,1,49,3,146,146,10,79,19.22,30,-1,-1"
"PATTY-EH,numeric/ipc-2023/hydropower,pfile12.pddl,True,False,15080.0,1,142,250,594,1,1,49,3,146,146,12,87,19.22,28,-1,-1"
"PATTY-EH,numeric/ipc-2023/hydropower,pfile13.pddl,True,False,12090.0,1,156,250,594,1,1,49,3,146,146,15,79,19.22,34,-1,-1"
"PATTY-EH,numeric/ipc-2023/hydropower,pfile14.pddl,True,False,14030.0,1,179,250,594,1,1,49,3,146,146,18,84,19.22,32,-1,-1"
"PATTY-EH,numeric/ipc-2023/hydropower,pfile18.pddl,True,False,8340.0,1,267,250,594,1,1,49,3,146,146,28,116,19.22,56,-1,-1"
"PATTY-EH,numeric/ipc-2023/hydropower,pfile19.pddl,True,False,13200.0,1,295,250,594,1,1,49,3,146,146,30,120,19.22,69,-1,-1"
"PATTY-EH,numeric/ipc-2023/hydropower,pfile20.pddl,True,False,28000.0,1,332,250,594,1,1,49,3,146,146,33,136,19.22,77,-1,-1"
"PATTY-EH,numeric/ipc-2023/hydropower,pfile22.pddl,False,True,30000,-1,0,250,594,1,-1,49,3,146,146,-1,-1,19.22,-1,-1,-1"
"PATTY-EH,numeric/ipc-2023/hydropower,pfile23.pddl,True,False,13640.0,1,359,250,594,1,1,49,3,146,146,40,133,19.22,79,-1,-1"
"PATTY-EH,numeric/ipc-2023/hydropower,pfile24.pddl,True,False,18460.0,1,414,250,594,1,1,49,3,146,146,43,145,19.22,97,-1,-1"
"PATTY-EH,numeric/ipc-2023/hydropower,pfile27.pddl,True,False,23910.0,1,426,250,594,1,1,49,3,146,146,50,142,19.22,92,-1,-1"
"PATTY-EH,numeric/ipc-2023/hydropower,pfile28.pddl,True,False,15320.0,1,406,250,594,1,1,49,3,146,146,53,128,19.22,78,-1,-1"
"PATTY-EH,numeric/ipc-2023/markettrader,pfile01.pddl,False,True,30000,-1,0,146,386,2,-1,2,16,55,110,-1,-1,17.09,-1,-1,-1"
"PATTY-EH,numeric/ipc-2023/markettrader,pfile02.pddl,False,True,30000,-1,0,136,359,2,-1,2,15,51,102,-1,-1,15.97,-1,-1,-1"
"PATTY-EH,numeric/ipc-2023/markettrader,pfile03.pddl,False,True,30000,-1,0,136,359,2,-1,2,15,51,102,-1,-1,15.97,-1,-1,-1"
"PATTY-EH,numeric/ipc-2023/markettrader,pfile04.pddl,False,True,30000,-1,0,138,365,2,-1,2,15,52,104,-1,-1,16.53,-1,-1,-1"
"PATTY-EH,numeric/ipc-2023/markettrader,pfile05.pddl,False,True,30000,-1,0,138,365,2,-1,2,15,52,104,-1,-1,16.53,-1,-1,-1"
"PATTY-EH,numeric/ipc-2023/markettrader,pfile06.pddl,False,True,30000,-1,0,220,606,2,-1,3,18,89,178,-1,-1,24.78,-1,-1,-1"
"PATTY-EH,numeric/ipc-2023/markettrader,pfile07.pddl,False,True,30000,-1,0,208,576,2,-1,3,16,85,170,-1,-1,26.67,-1,-1,-1"
"PATTY-EH,numeric/ipc-2023/markettrader,pfile08.pddl,False,True,30000,-1,0,206,570,2,-1,3,16,84,168,-1,-1,26.11,-1,-1,-1"
"PATTY-EH,numeric/ipc-2023/markettrader,pfile09.pddl,False,True,30000,-1,0,121,307,1,-1,3,16,83,83,-1,-1,12.26,-1,-1,-1"
"PATTY-EH,numeric/ipc-2023/markettrader,pfile10.pddl,False,True,30000,-1,0,224,618,2,-1,3,18,91,182,-1,-1,26.01,-1,-1,-1"
"PATTY-EH,numeric/ipc-2023/markettrader,pfile11.pddl,False,True,30000,-1,0,151,397,1,-1,4,16,111,111,-1,-1,15.52,-1,-1,-1"
"PATTY-EH,numeric/ipc-2023/markettrader,pfile12.pddl,False,True,30000,-1,0,254,725,2,-1,4,15,108,216,-1,-1,34.87,-1,-1,-1"
"PATTY-EH,numeric/ipc-2023/markettrader,pfile13.pddl,False,True,30000,-1,0,278,787,2,-1,4,17,118,236,-1,-1,35.04,-1,-1,-1"
"PATTY-EH,numeric/ipc-2023/markettrader,pfile14.pddl,False,True,30000,-1,0,274,771,2,-1,4,17,116,232,-1,-1,36.12,-1,-1,-1"
"PATTY-EH,numeric/ipc-2023/markettrader,pfile15.pddl,False,True,30000,-1,0,284,802,2,-1,4,18,120,240,-1,-1,33.47,-1,-1,-1"
"PATTY-EH,numeric/ipc-2023/markettrader,pfile16.pddl,False,True,30000,-1,0,195,521,1,-1,5,18,149,149,-1,-1,18.78,-1,-1,-1"
"PATTY-EH,numeric/ipc-2023/markettrader,pfile17.pddl,False,True,30000,-1,0,193,524,1,-1,5,17,149,149,-1,-1,20.55,-1,-1,-1"
"PATTY-EH,numeric/ipc-2023/markettrader,pfile18.pddl,False,True,30000,-1,0,199,539,1,-1,5,18,153,153,-1,-1,20.51,-1,-1,-1"
"PATTY-EH,numeric/ipc-2023/markettrader,pfile19.pddl,False,True,30000,-1,0,195,521,1,-1,5,18,149,149,-1,-1,19.09,-1,-1,-1"
"PATTY-EH,numeric/ipc-2023/markettrader,pfile20.pddl,False,True,30000,-1,0,199,537,1,-1,5,18,153,153,-1,-1,19.39,-1,-1,-1"
"PATTY-EH,numeric/ipc-2023/mprime,pfile01.pddl,True,False,980.0,1,43,153,380,1,1,27,7,85,85,11,17,7.05,9,-1,-1"
"PATTY-EH,numeric/ipc-2023/mprime,pfile02.pddl,True,False,13540.0,1,58,1767,5477,1,1,248,11,1249,1249,7,36,32.89,14,-1,-1"
"PATTY-EH,numeric/ipc-2023/mprime,pfile04.pddl,True,False,1690.0,1,61,464,1180,1,1,87,11,268,268,4,38,16.51,17,-1,-1"
"PATTY-EH,numeric/ipc-2023/mprime,pfile05.pddl,True,False,9480.0,1,40,1544,4781,1,1,212,12,1096,1096,5,32,30.99,5,-1,-1"
"PATTY-EH,numeric/ipc-2023/mprime,pfile09.pddl,True,False,4550.0,1,35,1197,3659,1,1,171,11,833,833,3,25,23.75,9,-1,-1"
"PATTY-EH,numeric/ipc-2023/mprime,pfile13.pddl,False,True,30000,-1,0,-1,-1,-1,-1,1488,29,15002,-1,-1,-1,-1,-1,-1,-1"
"PATTY-EH,numeric/ipc-2023/mprime,pfile14.pddl,False,True,30000,-1,0,-1,-1,-1,-1,1509,30,17595,-1,-1,-1,-1,-1,-1,-1"
"PATTY-EH,numeric/ipc-2023/mprime,pfile15.pddl,False,True,30000,-1,0,-1,-1,-1,-1,551,28,5613,-1,-1,-1,-1,-1,-1,-1"
"PATTY-EH,numeric/ipc-2023/mprime,pfile16.pddl,False,True,30000,-1,0,2189,7112,1,-1,239,18,1675,1675,-1,-1,27.4,-1,-1,-1"
"PATTY-EH,numeric/ipc-2023/mprime,pfile18.pddl,False,True,30000,-1,0,8156,29022,2,-1,415,29,3634,7268,-1,-1,98.46,-1,-1,-1"
"PATTY-EH,numeric/ipc-2023/mprime,pfile19.pddl,False,True,30000,-1,0,-1,-1,-1,-1,442,23,3889,-1,-1,-1,-1,-1,-1,-1"
"PATTY-EH,numeric/ipc-2023/mprime,pfile20.pddl,False,True,30000,-1,0,3122,10136,1,-1,314,29,2436,2436,-1,-1,25.58,-1,-1,-1"
"PATTY-EH,numeric/ipc-2023/mprime,pfile21.pddl,False,True,30000,-1,0,-1,-1,-1,-1,684,18,5220,-1,-1,-1,-1,-1,-1,-1"
"PATTY-EH,numeric/ipc-2023/mprime,pfile22.pddl,False,True,30000,-1,0,-1,-1,-1,-1,1002,37,13561,-1,-1,-1,-1,-1,-1,-1"
"PATTY-EH,numeric/ipc-2023/mprime,pfile23.pddl,False,True,30000,-1,0,-1,-1,-1,-1,549,26,4953,-1,-1,-1,-1,-1,-1,-1"
"PATTY-EH,numeric/ipc-2023/mprime,pfile24.pddl,False,True,30000,-1,0,-1,-1,-1,-1,711,18,3669,-1,-1,-1,-1,-1,-1,-1"
"PATTY-EH,numeric/ipc-2023/mprime,pfile25.pddl,True,False,980.0,1,25,120,315,1,1,20,6,68,68,4,15,6.31,6,-1,-1"
"PATTY-EH,numeric/ipc-2023/mprime,pfile26.pddl,True,False,5530.0,1,81,1084,3340,1,1,128,17,794,794,3,56,17.36,24,-1,-1"
"PATTY-EH,numeric/ipc-2023/mprime,pfile27.pddl,True,False,1560.0,1,101,537,1564,1,1,81,10,355,355,24,42,13.04,24,-1,-1"
"PATTY-EH,numeric/ipc-2023/mprime,pfile28.pddl,True,False,1260.0,2,71,320,919,2,2,47,6,107,214,6,39,19.04,24,-1,-1"
"PATTY-EH,numeric/ipc-2023/pathwaysmetric,pfile01.pddl,True,False,950.0,1,12,162,294,1,1,32,27,44,44,6,5,2.23,3,-1,-1"
"PATTY-EH,numeric/ipc-2023/pathwaysmetric,pfile03.pddl,True,False,1300.0,1,159,260,483,1,1,38,55,74,74,40,21,2.42,16,-1,-1"
"PATTY-EH,numeric/ipc-2023/pathwaysmetric,pfile04.pddl,True,False,1460.0,1,213,325,618,1,1,44,68,101,101,32,50,2.53,36,-1,-1"
"PATTY-EH,numeric/ipc-2023/pathwaysmetric,pfile06.pddl,True,False,2240.0,1,583,558,1052,1,1,70,126,166,166,84,89,3.01,57,-1,-1"
"PATTY-EH,numeric/ipc-2023/pathwaysmetric,pfile07.pddl,True,False,2460.0,1,646,697,1329,1,1,80,161,215,215,301,49,3.13,34,-1,-1"
"PATTY-EH,numeric/ipc-2023/pathwaysmetric,pfile08.pddl,True,False,2990.0,1,894,840,1634,1,1,82,200,276,276,145,123,3.5,96,-1,-1"
"PATTY-EH,numeric/ipc-2023/pathwaysmetric,pfile09.pddl,True,False,2810.0,1,653,833,1606,1,1,96,186,269,269,155,116,3.57,87,-1,-1"
"PATTY-EH,numeric/ipc-2023/pathwaysmetric,pfile10.pddl,True,False,3100.0,1,816,760,1534,1,1,78,158,288,288,206,83,3.28,62,-1,-1"
"PATTY-EH,numeric/ipc-2023/pathwaysmetric,pfile11.pddl,True,False,2510.0,1,734,756,1499,1,1,94,147,274,274,86,64,2.91,45,-1,-1"
"PATTY-EH,numeric/ipc-2023/pathwaysmetric,pfile13.pddl,True,False,3090.0,1,659,859,1696,1,1,96,182,303,303,94,107,3.17,83,-1,-1"
"PATTY-EH,numeric/ipc-2023/pathwaysmetric,pfile14.pddl,True,False,3370.0,1,3453,876,1731,1,1,86,199,306,306,1176,229,3.71,179,-1,-1"
"PATTY-EH,numeric/ipc-2023/pathwaysmetric,pfile15.pddl,True,False,2700.0,1,1147,931,1909,1,1,90,190,371,371,194,129,3.45,102,-1,-1"
"PATTY-EH,numeric/ipc-2023/pathwaysmetric,pfile16.pddl,True,False,6120.0,1,827,1458,2958,1,1,110,344,550,550,74,108,4.39,71,-1,-1"
"PATTY-EH,numeric/ipc-2023/pathwaysmetric,pfile18.pddl,True,False,5410.0,1,1040,1127,2217,1,1,92,281,381,381,109,156,4.31,108,-1,-1"
"PATTY-EH,numeric/ipc-2023/pathwaysmetric,pfile20.pddl,True,False,6240.0,1,1689,1256,2487,1,1,104,306,436,436,654,108,4.37,83,-1,-1"
"PATTY-EH,numeric/ipc-2023/pathwaysmetric,pfile21.pddl,True,False,7260.0,1,1607,1474,3012,1,1,122,328,574,574,212,154,4.1,102,-1,-1"
"PATTY-EH,numeric/ipc-2023/pathwaysmetric,pfile23.pddl,True,False,5400.0,1,1227,1303,2661,1,1,122,274,511,511,154,106,3.83,84,-1,-1"
"PATTY-EH,numeric/ipc-2023/pathwaysmetric,pfile24.pddl,True,False,7500.0,1,3264,1470,2891,1,1,112,376,494,494,809,182,4.52,133,-1,-1"
"PATTY-EH,numeric/ipc-2023/pathwaysmetric,pfile26.pddl,True,False,7140.0,1,1810,1661,3414,1,1,134,367,659,659,266,184,4.37,131,-1,-1"
"PATTY-EH,numeric/ipc-2023/pathwaysmetric,pfile27.pddl,True,False,12370.0,1,2373,1945,3998,1,1,142,447,767,767,853,170,4.7,120,-1,-1"
"PATTY-EH,numeric/ipc-2023/rover,pfile1.pddl,True,False,1120.0,1,15,156,371,1,1,40,2,72,72,2,13,16.53,2,-1,-1"
"PATTY-EH,numeric/ipc-2023/rover,pfile10.pddl,True,False,14750.0,2,70,1354,4360,2,2,166,5,506,1012,8,54,65.7,9,-1,-1"
"PATTY-EH,numeric/ipc-2023/rover,pfile11.pddl,False,True,30000,-1,0,1796,6070,2,-1,171,5,722,1444,-1,-1,89.28,-1,-1,-1"
"PATTY-EH,numeric/ipc-2023/rover,pfile12.pddl,True,False,8390.0,1,44,989,2860,1,1,175,5,629,629,13,29,41.98,4,-1,-1"
"PATTY-EH,numeric/ipc-2023/rover,pfile13.pddl,False,True,30000,-1,0,1485,4651,1,-1,204,5,1067,1067,-1,-1,66.45,-1,-1,-1"
"PATTY-EH,numeric/ipc-2023/rover,pfile14.pddl,False,True,30000,-1,0,1254,3679,1,-1,212,5,820,820,-1,-1,49.88,-1,-1,-1"
"PATTY-EH,numeric/ipc-2023/rover,pfile15.pddl,False,True,30000,-1,0,1629,4992,1,-1,242,5,1135,1135,-1,-1,76.53,-1,-1,-1"
"PATTY-EH,numeric/ipc-2023/rover,pfile16.pddl,False,True,30000,-1,0,1395,4065,1,-1,243,5,899,899,-1,-1,63.92,-1,-1,-1"
"PATTY-EH,numeric/ipc-2023/rover,pfile17.pddl,False,True,30000,-1,0,-1,-1,-1,-1,422,7,1925,-1,-1,-1,-1,-1,-1,-1"
"PATTY-EH,numeric/ipc-2023/rover,pfile18.pddl,False,True,30000,-1,0,-1,-1,-1,-1,561,7,2410,-1,-1,-1,-1,-1,-1,-1"
"PATTY-EH,numeric/ipc-2023/rover,pfile19.pddl,False,True,30000,-1,0,-1,-1,-1,-1,593,7,4250,-1,-1,-1,-1,-1,-1,-1"
"PATTY-EH,numeric/ipc-2023/rover,pfile2.pddl,True,False,2040.0,2,21,252,718,2,2,45,2,79,158,11,10,37.08,2,-1,-1"
"PATTY-EH,numeric/ipc-2023/rover,pfile20.pddl,False,True,30000,-1,0,-1,-1,-1,-1,858,9,6723,-1,-1,-1,-1,-1,-1,-1"
"PATTY-EH,numeric/ipc-2023/rover,pfile3.pddl,True,False,1770.0,2,85,352,1014,2,2,61,3,112,224,25,30,29.43,8,-1,-1"
"PATTY-EH,numeric/ipc-2023/rover,pfile4.pddl,True,False,1370.0,1,62,258,602,1,1,68,3,116,116,27,15,13.96,4,-1,-1"
"PATTY-EH,numeric/ipc-2023/rover,pfile5.pddl,True,False,2190.0,1,118,329,850,1,1,74,3,175,175,33,26,21.64,6,-1,-1"
"PATTY-EH,numeric/ipc-2023/rover,pfile6.pddl,False,True,30000,-1,0,946,3226,3,-1,83,3,258,774,-1,-1,95.18,-1,-1,-1"
"PATTY-EH,numeric/ipc-2023/rover,pfile7.pddl,True,False,1750.0,1,49,434,1114,1,1,99,4,228,228,25,24,19.04,2,-1,-1"
"PATTY-EH,numeric/ipc-2023/rover,pfile8.pddl,True,False,14010.0,2,81,1216,3934,2,2,145,5,458,916,21,46,58.9,7,-1,-1"
"PATTY-EH,numeric/ipc-2023/rover,pfile9.pddl,False,True,30000,-1,0,1828,6212,3,-1,165,5,496,1488,-1,-1,91.51,-1,-1,-1"
"PATTY-EH,numeric/ipc-2023/sailing,instance_1_10_1229.pddl,True,False,7000.0,9,1438,177,448,9,9,10,2,17,153,294,44,16.33,29,-1,-1"
"PATTY-EH,numeric/ipc-2023/sailing,instance_1_4_1229.pddl,True,False,770.0,4,960,56,105,4,4,4,2,11,44,284,12,7.6,8,-1,-1"
"PATTY-EH,numeric/ipc-2023/sailing,instance_1_5_1229.pddl,True,False,1160.0,5,1099,74,150,5,5,5,2,12,60,284,15,9.27,10,-1,-1"
"PATTY-EH,numeric/ipc-2023/sailing,instance_1_6_1229.pddl,True,False,1310.0,6,1338,94,203,6,6,6,2,13,78,200,18,10.97,12,-1,-1"
"PATTY-EH,numeric/ipc-2023/sailing,instance_1_7_1229.pddl,True,False,1490.0,6,1465,102,229,6,6,7,2,14,84,571,27,11.26,17,-1,-1"
"PATTY-EH,numeric/ipc-2023/sailing,instance_2_10_1229.pddl,True,False,3570.0,5,2740,198,499,5,5,10,4,34,170,294,54,10.69,38,-1,-1"
"PATTY-EH,numeric/ipc-2023/sailing,instance_2_1_1229.pddl,True,False,720.0,1,174,26,33,1,1,1,4,16,16,88,3,2.97,2,-1,-1"
"PATTY-EH,numeric/ipc-2023/sailing,instance_2_2_1229.pddl,True,False,730.0,1,197,30,43,1,1,2,4,18,18,90,6,3.44,4,-1,-1"
"PATTY-EH,numeric/ipc-2023/sailing,instance_2_4_1229.pddl,True,False,870.0,2,618,60,109,2,2,4,4,22,44,158,12,5.32,8,-1,-1"
"PATTY-EH,numeric/ipc-2023/sailing,instance_2_7_1229.pddl,True,False,870.0,3,1212,106,233,3,3,7,4,28,84,176,28,7.3,19,-1,-1"
"PATTY-EH,numeric/ipc-2023/sailing,instance_2_8_1229.pddl,True,False,1550.0,4,1343,144,337,4,4,8,4,30,120,182,26,8.91,16,-1,-1"
"PATTY-EH,numeric/ipc-2023/sailing,instance_2_9_1229.pddl,True,False,2500.0,4,2601,154,371,4,4,9,4,32,128,333,42,9.06,28,-1,-1"
"PATTY-EH,numeric/ipc-2023/sailing,instance_3_4_1229.pddl,True,False,1060.0,2,1484,86,159,2,2,4,6,33,66,290,16,5.42,12,-1,-1"
"PATTY-EH,numeric/ipc-2023/sailing,instance_3_5_1229.pddl,True,False,1170.0,2,1385,94,185,2,2,5,6,36,72,291,17,5.65,12,-1,-1"
"PATTY-EH,numeric/ipc-2023/sailing,instance_3_6_1229.pddl,True,False,1090.0,2,1190,102,211,2,2,6,6,39,78,290,18,5.83,12,-1,-1"
"PATTY-EH,numeric/ipc-2023/sailing,instance_4_10_1229.pddl,True,False,3170.0,3,1471,240,601,3,3,10,8,68,204,96,61,7.85,45,-1,-1"
"PATTY-EH,numeric/ipc-2023/sailing,instance_4_2_1229.pddl,True,False,790.0,1,296,56,81,1,1,2,8,36,36,93,7,3.56,5,-1,-1"
"PATTY-EH,numeric/ipc-2023/sailing,instance_4_5_1229.pddl,True,False,1060.0,2,2233,122,243,2,2,5,8,48,96,580,21,5.71,16,-1,-1"
"PATTY-EH,numeric/ipc-2023/sailing,instance_4_6_1229.pddl,True,False,1160.0,2,1705,132,277,2,2,6,8,52,104,232,22,5.89,16,-1,-1"
"PATTY-EH,numeric/ipc-2023/sailing,instance_4_7_1229.pddl,True,False,950.0,2,2261,142,311,2,2,7,8,56,112,210,26,6.03,19,-1,-1"
"PATTY-EH,numeric/ipc-2023/settlers-compiled,pfile1.pddl,False,False,1760.0,-1,0,-1,-1,-1,-1,110,84,630,-1,-1,-1,-1,-1,-1,-1"
"PATTY-EH,numeric/ipc-2023/settlers-compiled,pfile10.pddl,True,False,7270.0,1,2589,1866,3879,1,1,175,116,500,500,496,260,9.07,227,-1,-1"
"PATTY-EH,numeric/ipc-2023/settlers-compiled,pfile11.pddl,True,False,7480.0,1,2608,1902,3971,1,1,179,116,528,528,200,244,10.04,202,-1,-1"
"PATTY-EH,numeric/ipc-2023/settlers-compiled,pfile12.pddl,True,False,7870.0,1,3132,1923,4026,1,1,181,116,545,545,227,296,10.4,258,-1,-1"
"PATTY-EH,numeric/ipc-2023/settlers-compiled,pfile13.pddl,True,False,9620.0,1,2733,2316,4844,1,1,212,131,622,622,201,206,10.19,151,-1,-1"
"PATTY-EH,numeric/ipc-2023/settlers-compiled,pfile14.pddl,False,False,4790.0,-1,0,-1,-1,-1,-1,518,204,5202,-1,-1,-1,-1,-1,-1,-1"
"PATTY-EH,numeric/ipc-2023/settlers-compiled,pfile15.pddl,False,False,2860.0,-1,0,-1,-1,-1,-1,351,132,2318,-1,-1,-1,-1,-1,-1,-1"
"PATTY-EH,numeric/ipc-2023/settlers-compiled,pfile16.pddl,False,False,2480.0,-1,0,-1,-1,-1,-1,351,132,2318,-1,-1,-1,-1,-1,-1,-1"
"PATTY-EH,numeric/ipc-2023/settlers-compiled,pfile17.pddl,True,False,11940.0,1,2562,2784,5839,1,1,249,146,734,734,319,254,10.67,196,-1,-1"
"PATTY-EH,numeric/ipc-2023/settlers-compiled,pfile18.pddl,True,False,15790.0,1,5279,3655,7739,1,1,320,169,997,997,502,405,12.19,328,-1,-1"
"PATTY-EH,numeric/ipc-2023/settlers-compiled,pfile19.pddl,False,True,30000,1,8763,4494,9544,1,1,390,193,1228,1228,826,570,12.53,504,-1,-1"
"PATTY-EH,numeric/ipc-2023/settlers-compiled,pfile2.pddl,True,False,3460.0,1,1497,946,1921,1,1,96,78,248,248,125,141,7.2,120,-1,-1"
"PATTY-EH,numeric/ipc-2023/settlers-compiled,pfile20.pddl,False,True,30000,-1,0,4495,9547,1,-1,390,193,1229,1229,-1,-1,12.3,-1,-1,-1"
"PATTY-EH,numeric/ipc-2023/settlers-compiled,pfile3.pddl,True,False,2510.0,1,1829,967,1976,1,1,98,78,265,265,341,138,7.89,127,-1,-1"
"PATTY-EH,numeric/ipc-2023/settlers-compiled,pfile4.pddl,True,False,3520.0,1,642,951,1936,1,1,96,78,253,253,63,84,7.22,56,-1,-1"
"PATTY-EH,numeric/ipc-2023/settlers-compiled,pfile5.pddl,True,False,3880.0,1,1460,1143,2352,1,1,115,86,321,321,137,156,8.32,133,-1,-1"
"PATTY-EH,numeric/ipc-2023/settlers-compiled,pfile6.pddl,True,False,4980.0,1,772,1288,2650,1,1,126,93,346,346,78,86,8.61,73,-1,-1"
"PATTY-EH,numeric/ipc-2023/settlers-compiled,pfile7.pddl,False,False,1940.0,-1,0,-1,-1,-1,-1,218,108,1365,-1,-1,-1,-1,-1,-1,-1"
"PATTY-EH,numeric/ipc-2023/settlers-compiled,pfile8.pddl,True,False,5890.0,1,2019,1627,3354,1,1,154,108,417,417,155,181,8.63,148,-1,-1"
"PATTY-EH,numeric/ipc-2023/settlers-compiled,pfile9.pddl,True,False,5370.0,1,2394,1486,3076,1,1,144,101,408,408,391,191,8.67,158,-1,-1"
"PATTY-EH,numeric/ipc-2023/sugar,pfile01.pddl,True,False,2090.0,2,27,480,1385,2,2,28,38,174,348,2,26,15.45,1,-1,-1"
"PATTY-EH,numeric/ipc-2023/sugar,pfile02.pddl,True,False,2720.0,2,78,566,1641,2,2,37,44,202,404,9,41,14.2,16,-1,-1"
"PATTY-EH,numeric/ipc-2023/sugar,pfile03.pddl,True,False,5170.0,3,49,763,2349,3,3,37,43,201,603,6,44,20.62,1,-1,-1"
"PATTY-EH,numeric/ipc-2023/sugar,pfile04.pddl,True,False,6460.0,3,54,889,2777,3,3,39,44,241,723,5,37,25.11,9,-1,-1"
"PATTY-EH,numeric/ipc-2023/sugar,pfile05.pddl,True,False,22820.0,4,50,1130,3632,4,4,39,44,241,964,4,41,32.66,4,-1,-1"
"PATTY-EH,numeric/ipc-2023/sugar,pfile06.pddl,True,False,3910.0,2,39,648,1920,2,2,39,44,241,482,4,28,17.25,7,-1,-1"
"PATTY-EH,numeric/ipc-2023/sugar,pfile07.pddl,True,False,2570.0,2,37,648,1921,2,2,39,44,241,482,6,30,17.16,3,-1,-1"
"PATTY-EH,numeric/ipc-2023/sugar,pfile08.pddl,True,False,3550.0,2,47,648,1920,2,2,39,44,241,482,5,33,16.87,9,-1,-1"
"PATTY-EH,numeric/ipc-2023/sugar,pfile09.pddl,True,False,7730.0,3,66,889,2776,3,3,39,44,241,723,4,49,24.89,14,-1,-1"
"PATTY-EH,numeric/ipc-2023/sugar,pfile10.pddl,True,False,3930.0,2,67,648,1920,2,2,39,44,241,482,6,44,17.17,16,-1,-1"
"PATTY-EH,numeric/ipc-2023/sugar,pfile11.pddl,True,False,1890.0,1,25,403,1051,1,1,39,44,237,237,5,15,8.77,4,-1,-1"
"PATTY-EH,numeric/ipc-2023/sugar,pfile12.pddl,False,True,30000,-1,0,1130,3632,4,-1,39,44,241,964,-1,-1,32.38,-1,-1,-1"
"PATTY-EH,numeric/ipc-2023/sugar,pfile13.pddl,True,False,4070.0000000000005,2,64,648,1920,2,2,39,44,241,482,5,46,16.86,12,-1,-1"
"PATTY-EH,numeric/ipc-2023/sugar,pfile14.pddl,True,False,6520.0,3,67,889,2776,3,3,39,44,241,723,10,45,24.57,8,-1,-1"
"PATTY-EH,numeric/ipc-2023/sugar,pfile15.pddl,True,False,9010.0,3,92,889,2776,3,3,39,44,241,723,5,62,24.79,12,-1,-1"
"PATTY-EH,numeric/ipc-2023/sugar,pfile16.pddl,True,False,8189.999999999999,3,64,889,2776,3,3,39,44,241,723,3,56,24.78,7,-1,-1"
"PATTY-EH,numeric/ipc-2023/sugar,pfile17.pddl,True,False,5270.0,3,44,889,2776,3,3,39,44,241,723,1,44,24.66,0,-1,-1"
"PATTY-EH,numeric/ipc-2023/sugar,pfile18.pddl,True,False,5530.0,3,82,889,2776,3,3,39,44,241,723,5,54,24.65,18,-1,-1"
"PATTY-EH,numeric/ipc-2023/sugar,pfile19.pddl,True,False,10060.0,3,90,889,2776,3,3,39,44,241,723,8,50,24.5,14,-1,-1"
"PATTY-EH,numeric/ipc-2023/sugar,pfile20.pddl,True,False,9380.0,3,85,889,2776,3,3,39,44,241,723,10,46,24.93,10,-1,-1"
"PATTY-EH,numeric/ipc-2023/tpp,p02.pddl,True,False,1440.0,2,10,160,489,2,2,6,10,50,100,1,10,7.67,0,-1,-1"
"PATTY-EH,numeric/ipc-2023/tpp,p04.pddl,False,True,30000,-1,0,284,873,3,-1,6,16,58,174,-1,-1,10.17,-1,-1,-1"
"PATTY-EH,numeric/ipc-2023/tpp,p06.pddl,False,True,30000,-1,0,608,1863,2,-1,11,40,187,374,-1,-1,11.98,-1,-1,-1"
"PATTY-EH,numeric/ipc-2023/tpp,p07.pddl,False,True,30000,-1,0,640,1943,2,-1,11,44,193,386,-1,-1,11.77,-1,-1,-1"
"PATTY-EH,numeric/ipc-2023/tpp,p17.pddl,False,True,30000,-1,0,1629,4433,1,-1,21,203,811,811,-1,-1,11.16,-1,-1,-1"
"PATTY-EH,numeric/ipc-2023/tpp,p18.pddl,False,True,30000,-1,0,1685,4561,1,-1,21,213,829,829,-1,-1,11.1,-1,-1,-1"
"PATTY-EH,numeric/ipc-2023/tpp,p20.pddl,False,True,30000,-1,0,1809,4845,1,-1,21,235,869,869,-1,-1,11.03,-1,-1,-1"
"PATTY-EH,numeric/ipc-2023/tpp,p21.pddl,False,True,30000,-1,0,-1,-1,-1,-1,26,315,1262,-1,-1,-1,-1,-1,-1,-1"
"PATTY-EH,numeric/ipc-2023/tpp,p22.pddl,False,True,30000,-1,0,-1,-1,-1,-1,26,328,1286,-1,-1,-1,-1,-1,-1,-1"
"PATTY-EH,numeric/ipc-2023/tpp,p24.pddl,False,True,30000,-1,0,-1,-1,-1,-1,26,350,1326,-1,-1,-1,-1,-1,-1,-1"
"PATTY-EH,numeric/ipc-2023/tpp,p25.pddl,False,True,30000,-1,0,-1,-1,-1,-1,26,361,1346,-1,-1,-1,-1,-1,-1,-1"
"PATTY-EH,numeric/ipc-2023/tpp,p28.pddl,False,True,30000,-1,0,-1,-1,-1,-1,31,476,1855,-1,-1,-1,-1,-1,-1,-1"
"PATTY-EH,numeric/ipc-2023/tpp,p29.pddl,False,True,30000,-1,0,-1,-1,-1,-1,31,495,1891,-1,-1,-1,-1,-1,-1,-1"
"PATTY-EH,numeric/ipc-2023/tpp,p30.pddl,False,True,30000,-1,0,-1,-1,-1,-1,31,507,1913,-1,-1,-1,-1,-1,-1,-1"
"PATTY-EH,numeric/ipc-2023/tpp,p33.pddl,False,True,30000,-1,0,-1,-1,-1,-1,36,640,2508,-1,-1,-1,-1,-1,-1,-1"
"PATTY-EH,numeric/ipc-2023/tpp,p34.pddl,False,True,30000,-1,0,-1,-1,-1,-1,36,657,2540,-1,-1,-1,-1,-1,-1,-1"
"PATTY-EH,numeric/ipc-2023/tpp,p36.pddl,False,True,30000,-1,0,-1,-1,-1,-1,41,769,3145,-1,-1,-1,-1,-1,-1,-1"
"PATTY-EH,numeric/ipc-2023/tpp,p37.pddl,False,True,30000,-1,0,-1,-1,-1,-1,41,785,3175,-1,-1,-1,-1,-1,-1,-1"
"PATTY-EH,numeric/ipc-2023/tpp,p38.pddl,False,True,30000,-1,0,-1,-1,-1,-1,41,804,3211,-1,-1,-1,-1,-1,-1,-1"
"PATTY-EH,numeric/ipc-2023/tpp,p39.pddl,False,True,30000,-1,0,-1,-1,-1,-1,41,828,3257,-1,-1,-1,-1,-1,-1,-1"
"PATTY-EH,numeric/ipc-2023/zenotravel,pfile1.pddl,True,False,1020.0,2,10,112,340,2,2,15,3,37,74,1,10,10.27,0,-1,-1"
"PATTY-EH,numeric/ipc-2023/zenotravel,pfile10.pddl,True,False,5870.0,2,28,964,3336,2,2,79,7,393,786,1,28,23.81,0,-1,-1"
"PATTY-EH,numeric/ipc-2023/zenotravel,pfile11.pddl,True,False,3140.0,1,20,650,2074,1,1,81,7,471,471,1,20,17.46,0,-1,-1"
"PATTY-EH,numeric/ipc-2023/zenotravel,pfile12.pddl,True,False,8710.0,2,34,1214,4270,2,2,90,7,507,1014,1,34,30.27,0,-1,-1"
"PATTY-EH,numeric/ipc-2023/zenotravel,pfile13.pddl,True,False,16790.0,2,37,1394,4882,2,2,108,7,579,1158,1,37,30.7,0,-1,-1"
"PATTY-EH,numeric/ipc-2023/zenotravel,pfile15.pddl,False,True,30000,-1,0,-1,-1,-1,-1,315,11,3245,-1,-1,-1,-1,-1,-1,-1"
"PATTY-EH,numeric/ipc-2023/zenotravel,pfile16.pddl,False,True,30000,-1,0,-1,-1,-1,-1,355,11,4065,-1,-1,-1,-1,-1,-1,-1"
"PATTY-EH,numeric/ipc-2023/zenotravel,pfile17.pddl,False,True,30000,-1,0,-1,-1,-1,-1,500,11,5765,-1,-1,-1,-1,-1,-1,-1"
"PATTY-EH,numeric/ipc-2023/zenotravel,pfile18.pddl,False,True,30000,-1,0,-1,-1,-1,-1,550,11,6845,-1,-1,-1,-1,-1,-1,-1"
"PATTY-EH,numeric/ipc-2023/zenotravel,pfile19.pddl,False,True,30000,-1,0,-1,-1,-1,-1,725,11,9005,-1,-1,-1,-1,-1,-1,-1"
"PATTY-EH,numeric/ipc-2023/zenotravel,pfile2.pddl,True,False,1030.0,2,8,112,340,2,2,15,3,37,74,1,8,10.4,0,-1,-1"
"PATTY-EH,numeric/ipc-2023/zenotravel,pfile20.pddl,False,True,30000,-1,0,-1,-1,-1,-1,785,11,10345,-1,-1,-1,-1,-1,-1,-1"
"PATTY-EH,numeric/ipc-2023/zenotravel,pfile21.pddl,False,True,30000,-1,0,-1,-1,-1,-1,1025,11,13755,-1,-1,-1,-1,-1,-1,-1"
"PATTY-EH,numeric/ipc-2023/zenotravel,pfile22.pddl,False,True,30000,-1,0,-1,-1,-1,-1,1375,11,19505,-1,-1,-1,-1,-1,-1,-1"
"PATTY-EH,numeric/ipc-2023/zenotravel,pfile23.pddl,False,True,30000,-1,0,-1,-1,-1,-1,1775,11,26255,-1,-1,-1,-1,-1,-1,-1"
"PATTY-EH,numeric/ipc-2023/zenotravel,pfile3.pddl,True,False,1100.0,1,7,150,416,1,1,26,5,86,86,1,7,6.84,0,-1,-1"
"PATTY-EH,numeric/ipc-2023/zenotravel,pfile4.pddl,True,False,1490.0,2,10,272,870,2,2,31,5,98,196,1,10,11.63,0,-1,-1"
"PATTY-EH,numeric/ipc-2023/zenotravel,pfile5.pddl,True,False,1450.0,1,14,206,604,1,1,32,5,130,130,1,14,9.59,0,-1,-1"
"PATTY-EH,numeric/ipc-2023/zenotravel,pfile6.pddl,True,False,2360.0,2,17,382,1268,2,2,38,5,146,292,1,17,16.54,0,-1,-1"
"PATTY-EH,numeric/ipc-2023/zenotravel,pfile8.pddl,True,False,2380.0,1,18,476,1486,1,1,63,7,333,333,1,18,13.94,0,-1,-1"
"PATTY-EH,numeric/line-exchange,3_10_50_10.pddl,True,False,960.0,3,72,86,229,3,3,5,8,16,48,10,24,3.96,14,-1,-1"
"PATTY-EH,numeric/line-exchange,3_10_90_50.pddl,True,False,880.0,2,172,66,165,2,2,5,8,16,32,27,16,3.15,10,-1,-1"
"PATTY-EH,numeric/line-exchange,3_15_25_100.pddl,True,False,770.0,3,434,86,229,3,3,5,8,16,48,100,26,3.96,15,-1,-1"
"PATTY-EH,numeric/line-exchange,3_15_90_10.pddl,True,False,1200.0,3,95,86,229,3,3,5,8,16,48,20,23,3.96,15,-1,-1"
"PATTY-EH,numeric/line-exchange,3_5_50_50.pddl,True,False,950.0,3,227,86,229,3,3,5,8,16,48,50,23,3.96,14,-1,-1"
"PATTY-EH,numeric/line-exchange,3_5_90_100.pddl,True,False,1180.0,3,436,86,229,3,3,5,8,16,48,100,28,3.96,14,-1,-1"
"PATTY-EH,numeric/line-exchange,4_10_25_10.pddl,True,False,1120.0,3,119,123,330,3,3,7,11,23,69,10,35,4.04,19,-1,-1"
"PATTY-EH,numeric/line-exchange,4_10_50_50.pddl,True,False,1110.0,3,351,123,330,3,3,7,11,23,69,50,37,4.03,22,-1,-1"
"PATTY-EH,numeric/line-exchange,4_10_90_100.pddl,True,False,1020.0,2,442,94,237,2,2,7,11,23,46,52,25,3.2,14,-1,-1"
"PATTY-EH,numeric/line-exchange,4_15_50_10.pddl,True,False,810.0,3,111,123,330,3,3,7,11,23,69,10,38,4.04,21,-1,-1"
"PATTY-EH,numeric/line-exchange,4_15_90_50.pddl,True,False,1060.0,3,361,123,330,3,3,7,11,23,69,50,32,4.03,22,-1,-1"
"PATTY-EH,numeric/line-exchange,4_5_25_50.pddl,True,False,950.0,2,225,94,237,2,2,7,11,23,46,27,21,3.2,12,-1,-1"
"PATTY-EH,numeric/line-exchange,4_5_50_100.pddl,True,False,1100.0,3,641,123,330,3,3,7,11,23,69,100,34,4.04,19,-1,-1"
"PATTY-EH,numeric/line-exchange,5_10_25_50.pddl,True,False,1170.0,3,499,160,431,3,3,9,14,30,90,50,44,4.08,27,-1,-1"
"PATTY-EH,numeric/line-exchange,5_10_50_100.pddl,True,False,1280.0,3,839,160,431,3,3,9,14,30,90,100,39,4.08,22,-1,-1"
"PATTY-EH,numeric/line-exchange,5_15_25_10.pddl,True,False,970.0,3,142,160,431,3,3,9,14,30,90,10,49,4.08,22,-1,-1"
"PATTY-EH,numeric/line-exchange,5_15_50_50.pddl,True,False,1260.0,3,447,160,431,3,3,9,14,30,90,50,38,4.08,22,-1,-1"
"PATTY-EH,numeric/line-exchange,5_15_90_100.pddl,True,False,1040.0,3,971,160,431,3,3,9,14,30,90,100,43,4.08,24,-1,-1"
"PATTY-EH,numeric/line-exchange,5_5_25_100.pddl,True,False,1260.0,3,843,160,431,3,3,9,14,30,90,100,44,4.08,21,-1,-1"
"PATTY-EH,numeric/line-exchange,5_5_90_10.pddl,True,False,1580.0,3,140,160,431,3,3,9,14,30,90,10,44,4.08,24,-1,-1"
"PATTY-GD-DELTA-MAX-CLAUSES,numeric/ipc-2023/block-grouping,instance_100_20_5_1.pddl,False,True,30000,-1,0,161,402,1,-1,0,40,80,80,-1,-1,2.49,-1,-1,-1"
"PATTY-GD-DELTA-MAX-CLAUSES,numeric/ipc-2023/block-grouping,instance_100_25_6_2.pddl,False,True,30000,-1,0,201,502,1,-1,0,50,100,100,-1,-1,2.49,-1,-1,-1"
"PATTY-GD-DELTA-MAX-CLAUSES,numeric/ipc-2023/block-grouping,instance_11_10_2_3.pddl,False,True,30000,-1,0,81,202,1,-1,0,20,40,40,-1,-1,2.48,-1,-1,-1"
"PATTY-GD-DELTA-MAX-CLAUSES,numeric/ipc-2023/block-grouping,instance_11_30_7_2.pddl,False,True,30000,-1,0,241,602,1,-1,0,60,120,120,-1,-1,2.49,-1,-1,-1"
"PATTY-GD-DELTA-MAX-CLAUSES,numeric/ipc-2023/block-grouping,instance_11_35_8_3.pddl,False,True,30000,-1,0,281,702,1,-1,0,70,140,140,-1,-1,2.49,-1,-1,-1"
"PATTY-GD-DELTA-MAX-CLAUSES,numeric/ipc-2023/block-grouping,instance_11_40_10_1.pddl,False,True,30000,-1,0,321,802,1,-1,0,80,160,160,-1,-1,2.5,-1,-1,-1"
"PATTY-GD-DELTA-MAX-CLAUSES,numeric/ipc-2023/block-grouping,instance_15_10_2_3.pddl,False,True,30000,-1,0,81,202,1,-1,0,20,40,40,-1,-1,2.48,-1,-1,-1"
"PATTY-GD-DELTA-MAX-CLAUSES,numeric/ipc-2023/block-grouping,instance_15_25_6_3.pddl,False,True,30000,-1,0,201,502,1,-1,0,50,100,100,-1,-1,2.49,-1,-1,-1"
"PATTY-GD-DELTA-MAX-CLAUSES,numeric/ipc-2023/block-grouping,instance_20_10_2_1.pddl,False,True,30000,-1,0,81,202,1,-1,0,20,40,40,-1,-1,2.48,-1,-1,-1"
"PATTY-GD-DELTA-MAX-CLAUSES,numeric/ipc-2023/block-grouping,instance_20_10_2_3.pddl,False,True,30000,-1,0,81,202,1,-1,0,20,40,40,-1,-1,2.48,-1,-1,-1"
"PATTY-GD-DELTA-MAX-CLAUSES,numeric/ipc-2023/block-grouping,instance_20_15_3_2.pddl,False,True,30000,-1,0,121,302,1,-1,0,30,60,60,-1,-1,2.49,-1,-1,-1"
"PATTY-GD-DELTA-MAX-CLAUSES,numeric/ipc-2023/block-grouping,instance_20_30_7_2.pddl,False,True,30000,-1,0,241,602,1,-1,0,60,120,120,-1,-1,2.49,-1,-1,-1"
"PATTY-GD-DELTA-MAX-CLAUSES,numeric/ipc-2023/block-grouping,instance_20_40_10_2.pddl,False,True,30000,-1,0,321,802,1,-1,0,80,160,160,-1,-1,2.5,-1,-1,-1"
"PATTY-GD-DELTA-MAX-CLAUSES,numeric/ipc-2023/block-grouping,instance_20_5_2_1.pddl,True,False,1660.0,1,116,41,102,1,1,0,10,20,20,13,20,2.46,15,-1,-1"
"PATTY-GD-DELTA-MAX-CLAUSES,numeric/ipc-2023/block-grouping,instance_20_5_2_2.pddl,True,False,2250.0,1,112,41,102,1,1,0,10,20,20,19,19,2.46,16,-1,-1"
"PATTY-GD-DELTA-MAX-CLAUSES,numeric/ipc-2023/block-grouping,instance_25_15_3_1.pddl,False,True,30000,-1,0,121,302,1,-1,0,30,60,60,-1,-1,2.49,-1,-1,-1"
"PATTY-GD-DELTA-MAX-CLAUSES,numeric/ipc-2023/block-grouping,instance_25_35_8_1.pddl,False,True,30000,-1,0,281,702,1,-1,0,70,140,140,-1,-1,2.49,-1,-1,-1"
"PATTY-GD-DELTA-MAX-CLAUSES,numeric/ipc-2023/block-grouping,instance_25_40_10_3.pddl,False,True,30000,-1,0,321,802,1,-1,0,80,160,160,-1,-1,2.5,-1,-1,-1"
"PATTY-GD-DELTA-MAX-CLAUSES,numeric/ipc-2023/block-grouping,instance_5_25_6_1.pddl,False,True,30000,-1,0,201,502,1,-1,0,50,100,100,-1,-1,2.49,-1,-1,-1"
"PATTY-GD-DELTA-MAX-CLAUSES,numeric/ipc-2023/block-grouping,instance_7_10_2_1.pddl,True,False,14370.0,1,114,81,202,1,1,0,20,40,40,6,39,2.48,29,-1,-1"
"PATTY-GD-DELTA-MAX-CLAUSES,numeric/ipc-2023/counters,fz_instance_12.pddl,True,False,2210.0,1,136,49,122,1,1,0,12,24,24,24,24,2.47,14,-1,-1"
"PATTY-GD-DELTA-MAX-CLAUSES,numeric/ipc-2023/counters,fz_instance_4.pddl,True,False,640.0,1,28,17,42,1,1,0,4,8,8,8,8,2.4,5,-1,-1"
"PATTY-GD-DELTA-MAX-CLAUSES,numeric/ipc-2023/counters,fz_instance_40.pddl,False,True,30000,-1,0,161,402,1,-1,0,40,80,80,-1,-1,2.49,-1,-1,-1"
"PATTY-GD-DELTA-MAX-CLAUSES,numeric/ipc-2023/counters,inv_instance_12.pddl,True,False,1720.0,1,142,49,122,1,1,0,12,24,24,17,23,2.47,18,-1,-1"
"PATTY-GD-DELTA-MAX-CLAUSES,numeric/ipc-2023/counters,inv_instance_16.pddl,True,False,2580.0,1,232,65,162,1,1,0,16,32,32,24,29,2.48,23,-1,-1"
"PATTY-GD-DELTA-MAX-CLAUSES,numeric/ipc-2023/counters,inv_instance_36.pddl,False,True,30000,-1,0,145,362,1,-1,0,36,72,72,-1,-1,2.49,-1,-1,-1"
"PATTY-GD-DELTA-MAX-CLAUSES,numeric/ipc-2023/counters,inv_instance_4.pddl,True,False,640.0,1,20,17,42,1,1,0,4,8,8,7,6,2.4,4,-1,-1"
"PATTY-GD-DELTA-MAX-CLAUSES,numeric/ipc-2023/counters,rnd_instance_12_3.pddl,True,False,1000.0,1,126,49,122,1,1,0,12,24,24,16,22,2.47,13,-1,-1"
"PATTY-GD-DELTA-MAX-CLAUSES,numeric/ipc-2023/counters,rnd_instance_20_1.pddl,True,False,1870.0,1,283,81,202,1,1,0,20,40,40,31,39,2.48,31,-1,-1"
"PATTY-GD-DELTA-MAX-CLAUSES,numeric/ipc-2023/counters,rnd_instance_24_1.pddl,True,False,8580.0,1,357,97,242,1,1,0,24,48,48,30,47,2.48,39,-1,-1"
"PATTY-GD-DELTA-MAX-CLAUSES,numeric/ipc-2023/counters,rnd_instance_28_1.pddl,True,False,4820.0,1,677,113,282,1,1,0,28,56,56,42,55,2.49,51,-1,-1"
"PATTY-GD-DELTA-MAX-CLAUSES,numeric/ipc-2023/counters,rnd_instance_32_1.pddl,True,False,10360.0,1,861,129,322,1,1,0,32,64,64,63,64,2.49,58,-1,-1"
"PATTY-GD-DELTA-MAX-CLAUSES,numeric/ipc-2023/counters,rnd_instance_32_1.pddl,True,False,15540.0,1,861,129,322,1,1,0,32,64,64,63,64,2.49,58,-1,-1"
"PATTY-GD-DELTA-MAX-CLAUSES,numeric/ipc-2023/counters,rnd_instance_32_2.pddl,True,False,4810.0,1,907,129,322,1,1,0,32,64,64,63,63,2.49,58,-1,-1"
"PATTY-GD-DELTA-MAX-CLAUSES,numeric/ipc-2023/counters,rnd_instance_36_2.pddl,False,True,30000,-1,0,145,362,1,-1,0,36,72,72,-1,-1,2.49,-1,-1,-1"
"PATTY-GD-DELTA-MAX-CLAUSES,numeric/ipc-2023/counters,rnd_instance_40_1.pddl,False,True,30000,-1,0,161,402,1,-1,0,40,80,80,-1,-1,2.49,-1,-1,-1"
"PATTY-GD-DELTA-MAX-CLAUSES,numeric/ipc-2023/counters,rnd_instance_40_2.pddl,False,True,30000,-1,0,161,402,1,-1,0,40,80,80,-1,-1,2.49,-1,-1,-1"
"PATTY-GD-DELTA-MAX-CLAUSES,numeric/ipc-2023/counters,rnd_instance_40_3.pddl,False,True,30000,-1,0,161,402,1,-1,0,40,80,80,-1,-1,2.49,-1,-1,-1"
"PATTY-GD-DELTA-MAX-CLAUSES,numeric/ipc-2023/counters,rnd_instance_4_1.pddl,True,False,800.0,1,16,17,42,1,1,0,4,8,8,5,7,2.4,4,-1,-1"
"PATTY-GD-DELTA-MAX-CLAUSES,numeric/ipc-2023/counters,rnd_instance_8_2.pddl,True,False,1000.0,1,74,33,82,1,1,0,8,16,16,15,15,2.45,13,-1,-1"
"PATTY-GD-DELTA-MAX-CLAUSES,numeric/ipc-2023/counters,rnd_instance_8_3.pddl,True,False,1210.0,1,51,33,82,1,1,0,8,16,16,11,16,2.45,10,-1,-1"
"PATTY-GD-DELTA-MAX-CLAUSES,numeric/ipc-2023/delivery,prob01.pddl,True,False,1940.0,2,17,371,1191,2,2,46,3,136,272,1,17,18.45,0,-1,-1"
"PATTY-GD-DELTA-MAX-CLAUSES,numeric/ipc-2023/delivery,prob02.pddl,True,False,6720.0,4,30,935,3339,4,4,64,3,200,800,1,30,46.86,0,-1,-1"
"PATTY-GD-DELTA-MAX-CLAUSES,numeric/ipc-2023/delivery,prob03.pddl,True,False,11480.0,4,36,1227,4399,4,4,82,3,264,1056,1,36,59.65,0,-1,-1"
"PATTY-GD-DELTA-MAX-CLAUSES,numeric/ipc-2023/delivery,prob04.pddl,False,True,30000,-1,0,2239,8147,4,-1,132,3,492,1968,-1,-1,104.75,-1,-1,-1"
"PATTY-GD-DELTA-MAX-CLAUSES,numeric/ipc-2023/delivery,prob05.pddl,False,True,30000,-1,0,1811,6519,4,-1,118,3,392,1568,-1,-1,85.18,-1,-1,-1"
"PATTY-GD-DELTA-MAX-CLAUSES,numeric/ipc-2023/delivery,prob06.pddl,False,True,30000,-1,0,2039,7227,3,-1,152,3,576,1728,-1,-1,97.84,-1,-1,-1"
"PATTY-GD-DELTA-MAX-CLAUSES,numeric/ipc-2023/delivery,prob07.pddl,False,True,30000,-1,0,2319,8227,3,-1,172,3,656,1968,-1,-1,110.76,-1,-1,-1"
"PATTY-GD-DELTA-MAX-CLAUSES,numeric/ipc-2023/delivery,prob08.pddl,False,True,30000,-1,0,2599,9227,3,-1,192,3,736,2208,-1,-1,123.68,-1,-1,-1"
"PATTY-GD-DELTA-MAX-CLAUSES,numeric/ipc-2023/delivery,prob09.pddl,False,True,30000,-1,0,2435,8319,2,-1,234,3,980,1960,-1,-1,113.47,-1,-1,-1"
"PATTY-GD-DELTA-MAX-CLAUSES,numeric/ipc-2023/delivery,prob10.pddl,False,True,30000,-1,0,2281,7128,1,-1,329,4,1614,1614,-1,-1,67.7,-1,-1,-1"
"PATTY-GD-DELTA-MAX-CLAUSES,numeric/ipc-2023/delivery,prob11.pddl,False,True,30000,-1,0,1707,5172,1,-1,274,2,1154,1154,-1,-1,73.45,-1,-1,-1"
"PATTY-GD-DELTA-MAX-CLAUSES,numeric/ipc-2023/delivery,prob12.pddl,False,True,30000,-1,0,2666,8332,1,-1,385,4,1887,1887,-1,-1,76.46,-1,-1,-1"
"PATTY-GD-DELTA-MAX-CLAUSES,numeric/ipc-2023/delivery,prob13.pddl,False,True,30000,-1,0,2866,8964,1,-1,413,4,2031,2031,-1,-1,81.87,-1,-1,-1"
"PATTY-GD-DELTA-MAX-CLAUSES,numeric/ipc-2023/delivery,prob14.pddl,False,True,30000,-1,0,3498,11126,1,-1,474,4,2541,2541,-1,-1,114.26,-1,-1,-1"
"PATTY-GD-DELTA-MAX-CLAUSES,numeric/ipc-2023/delivery,prob15.pddl,False,True,30000,-1,0,3726,11858,1,-1,504,4,2709,2709,-1,-1,119.58,-1,-1,-1"
"PATTY-GD-DELTA-MAX-CLAUSES,numeric/ipc-2023/delivery,prob16.pddl,False,True,30000,-1,0,-1,-1,-1,-1,639,4,4305,-1,-1,-1,-1,-1,-1,-1"
"PATTY-GD-DELTA-MAX-CLAUSES,numeric/ipc-2023/delivery,prob17.pddl,False,True,30000,-1,0,-1,-1,-1,-1,675,4,4557,-1,-1,-1,-1,-1,-1,-1"
"PATTY-GD-DELTA-MAX-CLAUSES,numeric/ipc-2023/delivery,prob18.pddl,False,True,30000,-1,0,-1,-1,-1,-1,711,4,4809,-1,-1,-1,-1,-1,-1,-1"
"PATTY-GD-DELTA-MAX-CLAUSES,numeric/ipc-2023/delivery,prob19.pddl,False,True,30000,-1,0,-1,-1,-1,-1,747,4,5061,-1,-1,-1,-1,-1,-1,-1"
"PATTY-GD-DELTA-MAX-CLAUSES,numeric/ipc-2023/delivery,prob20.pddl,False,True,30000,-1,0,-1,-1,-1,-1,783,4,5313,-1,-1,-1,-1,-1,-1,-1"
"PATTY-GD-DELTA-MAX-CLAUSES,numeric/ipc-2023/drone,problem_10_10_3.pddl,False,True,30000,-1,0,1841,4314,4,-1,300,4,307,1228,-1,-1,97.45,-1,-1,-1"
"PATTY-GD-DELTA-MAX-CLAUSES,numeric/ipc-2023/drone,problem_1_1_2.pddl,True,False,900.0,3,9,43,112,3,3,2,4,9,27,2,7,6.68,2,-1,-1"
"PATTY-GD-DELTA-MAX-CLAUSES,numeric/ipc-2023/drone,problem_1_1_4.pddl,True,False,1140.0,5,27,77,206,5,5,4,4,11,55,13,13,10.47,2,-1,-1"
"PATTY-GD-DELTA-MAX-CLAUSES,numeric/ipc-2023/drone,problem_1_8_1.pddl,True,False,4220.0,9,43,169,466,9,9,8,4,15,135,21,17,18.65,2,-1,-1"
"PATTY-GD-DELTA-MAX-CLAUSES,numeric/ipc-2023/drone,problem_1_9_3.pddl,False,True,30000,-1,0,413,1122,10,-1,27,4,34,340,-1,-1,29.67,-1,-1,-1"
"PATTY-GD-DELTA-MAX-CLAUSES,numeric/ipc-2023/drone,problem_2_5_4.pddl,False,True,30000,-1,0,617,1682,11,-1,40,4,47,517,-1,-1,36.46,-1,-1,-1"
"PATTY-GD-DELTA-MAX-CLAUSES,numeric/ipc-2023/drone,problem_2_8_3.pddl,False,True,30000,-1,0,665,1794,10,-1,48,4,55,550,-1,-1,37.39,-1,-1,-1"
"PATTY-GD-DELTA-MAX-CLAUSES,numeric/ipc-2023/drone,problem_2_9_1.pddl,False,True,30000,-1,0,305,834,10,-1,18,4,25,250,-1,-1,25.79,-1,-1,-1"
"PATTY-GD-DELTA-MAX-CLAUSES,numeric/ipc-2023/drone,problem_3_3_4.pddl,False,True,30000,-1,0,521,1410,10,-1,36,4,43,430,-1,-1,33.11,-1,-1,-1"
"PATTY-GD-DELTA-MAX-CLAUSES,numeric/ipc-2023/drone,problem_4_2_5.pddl,False,True,30000,-1,0,569,1538,10,-1,40,4,47,470,-1,-1,34.57,-1,-1,-1"
"PATTY-GD-DELTA-MAX-CLAUSES,numeric/ipc-2023/drone,problem_4_9_5.pddl,False,True,30000,-1,0,1685,4326,7,-1,180,4,187,1309,-1,-1,72.56,-1,-1,-1"
"PATTY-GD-DELTA-MAX-CLAUSES,numeric/ipc-2023/drone,problem_5_10_1.pddl,False,True,30000,-1,0,689,1858,10,-1,50,4,57,570,-1,-1,38.08,-1,-1,-1"
"PATTY-GD-DELTA-MAX-CLAUSES,numeric/ipc-2023/drone,problem_5_2_2.pddl,False,True,30000,-1,0,329,898,10,-1,20,4,27,270,-1,-1,26.71,-1,-1,-1"
"PATTY-GD-DELTA-MAX-CLAUSES,numeric/ipc-2023/drone,problem_6_8_1.pddl,False,True,30000,-1,0,665,1794,10,-1,48,4,55,550,-1,-1,37.39,-1,-1,-1"
"PATTY-GD-DELTA-MAX-CLAUSES,numeric/ipc-2023/drone,problem_7_6_4.pddl,False,True,30000,-1,0,1753,4578,8,-1,168,4,175,1400,-1,-1,71.44,-1,-1,-1"
"PATTY-GD-DELTA-MAX-CLAUSES,numeric/ipc-2023/drone,problem_8_1_2.pddl,False,True,30000,-1,0,281,770,10,-1,16,4,23,230,-1,-1,24.82,-1,-1,-1"
"PATTY-GD-DELTA-MAX-CLAUSES,numeric/ipc-2023/drone,problem_8_1_4.pddl,False,True,30000,-1,0,513,1402,11,-1,32,4,39,429,-1,-1,33.45,-1,-1,-1"
"PATTY-GD-DELTA-MAX-CLAUSES,numeric/ipc-2023/drone,problem_8_1_5.pddl,False,True,30000,-1,0,617,1682,11,-1,40,4,47,517,-1,-1,36.46,-1,-1,-1"
"PATTY-GD-DELTA-MAX-CLAUSES,numeric/ipc-2023/drone,problem_8_7_1.pddl,False,True,30000,-1,0,761,2050,10,-1,56,4,63,630,-1,-1,40.13,-1,-1,-1"
"PATTY-GD-DELTA-MAX-CLAUSES,numeric/ipc-2023/drone,problem_9_7_3.pddl,False,True,30000,-1,0,1963,5124,8,-1,189,4,196,1568,-1,-1,77.95,-1,-1,-1"
"PATTY-GD-DELTA-MAX-CLAUSES,numeric/ipc-2023/expedition,pfile1.pddl,True,False,4840.0,6,50,605,1916,6,6,24,14,88,528,4,28,76.35,10,-1,-1"
"PATTY-GD-DELTA-MAX-CLAUSES,numeric/ipc-2023/expedition,pfile10.pddl,False,True,30000,-1,0,1469,4716,6,-1,56,30,216,1296,-1,-1,181.61,-1,-1,-1"
"PATTY-GD-DELTA-MAX-CLAUSES,numeric/ipc-2023/expedition,pfile11.pddl,True,False,8440.0,6,42,305,962,6,6,12,8,44,264,4,22,39.89,8,-1,-1"
"PATTY-GD-DELTA-MAX-CLAUSES,numeric/ipc-2023/expedition,pfile12.pddl,False,True,30000,-1,0,907,2941,7,-1,30,17,116,812,-1,-1,115.85,-1,-1,-1"
"PATTY-GD-DELTA-MAX-CLAUSES,numeric/ipc-2023/expedition,pfile13.pddl,False,True,30000,-1,0,359,1137,6,-1,14,9,52,312,-1,-1,46.46,-1,-1,-1"
"PATTY-GD-DELTA-MAX-CLAUSES,numeric/ipc-2023/expedition,pfile14.pddl,False,True,30000,-1,0,473,1520,7,-1,16,10,60,420,-1,-1,61.83,-1,-1,-1"
"PATTY-GD-DELTA-MAX-CLAUSES,numeric/ipc-2023/expedition,pfile15.pddl,False,True,30000,-1,0,467,1487,6,-1,18,11,68,408,-1,-1,59.6,-1,-1,-1"
"PATTY-GD-DELTA-MAX-CLAUSES,numeric/ipc-2023/expedition,pfile16.pddl,False,True,30000,-1,0,597,1926,7,-1,20,12,76,532,-1,-1,77.25,-1,-1,-1"
"PATTY-GD-DELTA-MAX-CLAUSES,numeric/ipc-2023/expedition,pfile17.pddl,False,True,30000,-1,0,659,2129,7,-1,22,13,84,588,-1,-1,84.97,-1,-1,-1"
"PATTY-GD-DELTA-MAX-CLAUSES,numeric/ipc-2023/expedition,pfile18.pddl,False,True,30000,-1,0,721,2332,7,-1,24,14,92,644,-1,-1,92.69,-1,-1,-1"
"PATTY-GD-DELTA-MAX-CLAUSES,numeric/ipc-2023/expedition,pfile19.pddl,False,True,30000,-1,0,783,2535,7,-1,26,15,100,700,-1,-1,100.41,-1,-1,-1"
"PATTY-GD-DELTA-MAX-CLAUSES,numeric/ipc-2023/expedition,pfile2.pddl,False,True,30000,-1,0,1809,5874,7,-1,60,32,232,1624,-1,-1,228.18,-1,-1,-1"
"PATTY-GD-DELTA-MAX-CLAUSES,numeric/ipc-2023/expedition,pfile20.pddl,False,True,30000,-1,0,845,2738,7,-1,28,16,108,756,-1,-1,108.13,-1,-1,-1"
"PATTY-GD-DELTA-MAX-CLAUSES,numeric/ipc-2023/expedition,pfile3.pddl,False,True,30000,-1,0,1129,3706,10,-1,28,16,104,1040,-1,-1,150.15,-1,-1,-1"
"PATTY-GD-DELTA-MAX-CLAUSES,numeric/ipc-2023/expedition,pfile4.pddl,False,True,30000,-1,0,1301,4280,10,-1,32,18,120,1200,-1,-1,172.43,-1,-1,-1"
"PATTY-GD-DELTA-MAX-CLAUSES,numeric/ipc-2023/expedition,pfile5.pddl,False,True,30000,-1,0,1337,4382,9,-1,36,20,136,1224,-1,-1,174.98,-1,-1,-1"
"PATTY-GD-DELTA-MAX-CLAUSES,numeric/ipc-2023/expedition,pfile6.pddl,False,True,30000,-1,0,1493,4900,9,-1,40,22,152,1368,-1,-1,194.99,-1,-1,-1"
"PATTY-GD-DELTA-MAX-CLAUSES,numeric/ipc-2023/expedition,pfile7.pddl,False,True,30000,-1,0,1481,4834,8,-1,44,24,168,1344,-1,-1,190.7,-1,-1,-1"
"PATTY-GD-DELTA-MAX-CLAUSES,numeric/ipc-2023/expedition,pfile8.pddl,False,True,30000,-1,0,1437,4656,7,-1,48,26,184,1288,-1,-1,181.85,-1,-1,-1"
"PATTY-GD-DELTA-MAX-CLAUSES,numeric/ipc-2023/expedition,pfile9.pddl,False,True,30000,-1,0,1561,5062,7,-1,52,28,200,1400,-1,-1,197.29,-1,-1,-1"
"PATTY-GD-DELTA-MAX-CLAUSES,numeric/ipc-2023/ext-plant-watering,instance_10_11_2_1.pddl,False,True,30000,-1,0,241,669,5,-1,0,20,40,200,-1,-1,26.85,-1,-1,-1"
"PATTY-GD-DELTA-MAX-CLAUSES,numeric/ipc-2023/ext-plant-watering,instance_10_17_2_1.pddl,False,True,30000,-1,0,365,1023,6,-1,0,26,52,312,-1,-1,42.16,-1,-1,-1"
"PATTY-GD-DELTA-MAX-CLAUSES,numeric/ipc-2023/ext-plant-watering,instance_10_5_2_1.pddl,True,False,3250.0,8,282,85,219,8,8,0,14,28,56,8,105,8.79,81,-1,-1"
"PATTY-GD-DELTA-MAX-CLAUSES,numeric/ipc-2023/ext-plant-watering,instance_10_7_2_1.pddl,True,False,16740.0,45,1726,65,153,45,45,0,16,32,32,9,599,5.8,516,-1,-1"
"PATTY-GD-DELTA-MAX-CLAUSES,numeric/ipc-2023/ext-plant-watering,instance_11_17_2_1.pddl,False,True,30000,-1,0,313,867,5,-1,0,26,52,260,-1,-1,35.36,-1,-1,-1"
"PATTY-GD-DELTA-MAX-CLAUSES,numeric/ipc-2023/ext-plant-watering,instance_11_5_2_1.pddl,True,False,2950.0,10,404,57,135,10,10,0,14,28,28,10,121,5.29,101,-1,-1"
"PATTY-GD-DELTA-MAX-CLAUSES,numeric/ipc-2023/ext-plant-watering,instance_12_15_2_1.pddl,False,True,30000,-1,0,337,945,6,-1,0,24,48,288,-1,-1,38.7,-1,-1,-1"
"PATTY-GD-DELTA-MAX-CLAUSES,numeric/ipc-2023/ext-plant-watering,instance_12_17_2_1.pddl,False,True,30000,-1,0,365,1023,6,-1,0,26,52,312,-1,-1,42.16,-1,-1,-1"
"PATTY-GD-DELTA-MAX-CLAUSES,numeric/ipc-2023/ext-plant-watering,instance_12_19_2_1.pddl,False,True,30000,-1,0,393,1101,6,-1,0,28,56,336,-1,-1,45.63,-1,-1,-1"
"PATTY-GD-DELTA-MAX-CLAUSES,numeric/ipc-2023/ext-plant-watering,instance_12_7_2_1.pddl,False,True,30000,-1,0,65,153,80,-1,0,16,32,32,-1,-1,5.91,-1,-1,-1"
"PATTY-GD-DELTA-MAX-CLAUSES,numeric/ipc-2023/ext-plant-watering,instance_13_13_2_1.pddl,False,True,30000,-1,0,309,867,6,-1,0,22,44,264,-1,-1,35.27,-1,-1,-1"
"PATTY-GD-DELTA-MAX-CLAUSES,numeric/ipc-2023/ext-plant-watering,instance_13_15_2_1.pddl,False,True,30000,-1,0,337,945,6,-1,0,24,48,288,-1,-1,38.7,-1,-1,-1"
"PATTY-GD-DELTA-MAX-CLAUSES,numeric/ipc-2023/ext-plant-watering,instance_13_9_2_1.pddl,False,True,30000,-1,0,253,711,6,-1,0,18,36,216,-1,-1,28.6,-1,-1,-1"
"PATTY-GD-DELTA-MAX-CLAUSES,numeric/ipc-2023/ext-plant-watering,instance_14_13_2_1.pddl,False,True,30000,-1,0,265,735,5,-1,0,22,44,220,-1,-1,29.7,-1,-1,-1"
"PATTY-GD-DELTA-MAX-CLAUSES,numeric/ipc-2023/ext-plant-watering,instance_14_17_2_1.pddl,False,True,30000,-1,0,365,1023,6,-1,0,26,52,312,-1,-1,42.16,-1,-1,-1"
"PATTY-GD-DELTA-MAX-CLAUSES,numeric/ipc-2023/ext-plant-watering,instance_14_19_2_1.pddl,False,True,30000,-1,0,337,933,5,-1,0,28,56,280,-1,-1,38.32,-1,-1,-1"
"PATTY-GD-DELTA-MAX-CLAUSES,numeric/ipc-2023/ext-plant-watering,instance_15_15_2_1.pddl,False,True,30000,-1,0,289,801,5,-1,0,24,48,240,-1,-1,32.57,-1,-1,-1"
"PATTY-GD-DELTA-MAX-CLAUSES,numeric/ipc-2023/ext-plant-watering,instance_15_17_2_1.pddl,False,True,30000,-1,0,365,1023,6,-1,0,26,52,312,-1,-1,42.16,-1,-1,-1"
"PATTY-GD-DELTA-MAX-CLAUSES,numeric/ipc-2023/ext-plant-watering,instance_15_19_2_1.pddl,False,True,30000,-1,0,393,1101,6,-1,0,28,56,336,-1,-1,45.66,-1,-1,-1"
"PATTY-GD-DELTA-MAX-CLAUSES,numeric/ipc-2023/ext-plant-watering,instance_15_7_2_1.pddl,True,False,16700.0,13,655,65,153,13,13,0,16,32,32,14,183,5.8,153,-1,-1"
"PATTY-GD-DELTA-MAX-CLAUSES,numeric/ipc-2023/farmland,instance_10_500_1229.pddl,True,False,6440.0,1,1176,75,191,1,1,0,11,52,52,371,41,5.54,30,-1,-1"
"PATTY-GD-DELTA-MAX-CLAUSES,numeric/ipc-2023/farmland,instance_10_700_1229.pddl,True,False,13250.0,1,1403,75,191,1,1,0,11,52,52,532,41,5.54,37,-1,-1"
"PATTY-GD-DELTA-MAX-CLAUSES,numeric/ipc-2023/farmland,instance_2_300_1229.pddl,True,False,850.0,1,322,11,23,1,1,0,3,4,4,246,2,2.91,2,-1,-1"
"PATTY-GD-DELTA-MAX-CLAUSES,numeric/ipc-2023/farmland,instance_2_600_1229.pddl,True,False,690.0,1,536,11,23,1,1,0,3,4,4,488,4,2.91,4,-1,-1"
"PATTY-GD-DELTA-MAX-CLAUSES,numeric/ipc-2023/farmland,instance_2_700_1229.pddl,True,False,900.0,1,447,11,23,1,1,0,3,4,4,433,4,2.91,4,-1,-1"
"PATTY-GD-DELTA-MAX-CLAUSES,numeric/ipc-2023/farmland,instance_4_200_1229.pddl,True,False,800.0,1,249,27,65,1,1,0,5,16,16,189,13,4.51,13,-1,-1"
"PATTY-GD-DELTA-MAX-CLAUSES,numeric/ipc-2023/farmland,instance_4_300_1229.pddl,True,False,1410.0,1,629,27,65,1,1,0,5,16,16,167,13,4.51,13,-1,-1"
"PATTY-GD-DELTA-MAX-CLAUSES,numeric/ipc-2023/farmland,instance_4_400_1229.pddl,True,False,1040.0,1,450,27,65,1,1,0,5,16,16,389,13,4.51,13,-1,-1"
"PATTY-GD-DELTA-MAX-CLAUSES,numeric/ipc-2023/farmland,instance_4_600_1229.pddl,True,False,1980.0,1,966,27,65,1,1,0,5,16,16,571,16,4.51,14,-1,-1"
"PATTY-GD-DELTA-MAX-CLAUSES,numeric/ipc-2023/farmland,instance_4_700_1229.pddl,True,False,1120.0,1,1906,27,65,1,1,0,5,16,16,689,12,4.51,11,-1,-1"
"PATTY-GD-DELTA-MAX-CLAUSES,numeric/ipc-2023/farmland,instance_4_800_1229.pddl,True,False,5200.0,1,2026,27,65,1,1,0,5,16,16,789,12,4.51,12,-1,-1"
"PATTY-GD-DELTA-MAX-CLAUSES,numeric/ipc-2023/farmland,instance_6_100_1229.pddl,True,False,1030.0,1,124,43,107,1,1,0,7,28,28,92,15,5.17,10,-1,-1"
"PATTY-GD-DELTA-MAX-CLAUSES,numeric/ipc-2023/farmland,instance_6_200_1229.pddl,True,False,1470.0,1,560,43,107,1,1,0,7,28,28,182,17,5.17,16,-1,-1"
"PATTY-GD-DELTA-MAX-CLAUSES,numeric/ipc-2023/farmland,instance_6_400_1229.pddl,True,False,3600.0,1,1055,43,107,1,1,0,7,28,28,325,26,5.17,20,-1,-1"
"PATTY-GD-DELTA-MAX-CLAUSES,numeric/ipc-2023/farmland,instance_6_500_1229.pddl,True,False,960.0,1,1317,43,107,1,1,0,7,28,28,446,16,5.17,14,-1,-1"
"PATTY-GD-DELTA-MAX-CLAUSES,numeric/ipc-2023/farmland,instance_6_600_1229.pddl,True,False,3730.0,1,679,43,107,1,1,0,7,28,28,588,17,5.17,14,-1,-1"
"PATTY-GD-DELTA-MAX-CLAUSES,numeric/ipc-2023/farmland,instance_6_900_1229.pddl,True,False,9390.0,1,2001,43,107,1,1,0,7,28,28,733,25,5.17,21,-1,-1"
"PATTY-GD-DELTA-MAX-CLAUSES,numeric/ipc-2023/farmland,instance_8_200_1229.pddl,True,False,14070.0,1,286,59,149,1,1,0,9,40,40,167,28,5.35,18,-1,-1"
"PATTY-GD-DELTA-MAX-CLAUSES,numeric/ipc-2023/farmland,instance_8_400_1229.pddl,True,False,10980.0,1,764,59,149,1,1,0,9,40,40,363,32,5.35,29,-1,-1"
"PATTY-GD-DELTA-MAX-CLAUSES,numeric/ipc-2023/farmland,instance_8_700_1229.pddl,True,False,22730.0,1,1629,59,149,1,1,0,9,40,40,679,29,5.35,26,-1,-1"
"PATTY-GD-DELTA-MAX-CLAUSES,numeric/ipc-2023/fo-farmland,instance_10_100_1229.pddl,False,True,30000,-1,0,78,187,1,-1,0,12,53,53,-1,-1,6.73,-1,-1,-1"
"PATTY-GD-DELTA-MAX-CLAUSES,numeric/ipc-2023/fo-farmland,instance_10_200_1229.pddl,False,True,30000,-1,0,78,187,1,-1,0,12,53,53,-1,-1,6.73,-1,-1,-1"
"PATTY-GD-DELTA-MAX-CLAUSES,numeric/ipc-2023/fo-farmland,instance_10_400_1229.pddl,False,True,30000,-1,0,78,187,1,-1,0,12,53,53,-1,-1,6.73,-1,-1,-1"
"PATTY-GD-DELTA-MAX-CLAUSES,numeric/ipc-2023/fo-farmland,instance_2_200_1229.pddl,True,False,1150.0,1,25,14,27,1,1,0,4,5,5,10,5,3.37,4,-1,-1"
"PATTY-GD-DELTA-MAX-CLAUSES,numeric/ipc-2023/fo-farmland,instance_2_400_1229.pddl,True,False,1050.0,1,438,14,27,1,1,0,4,5,5,399,4,3.37,2,-1,-1"
"PATTY-GD-DELTA-MAX-CLAUSES,numeric/ipc-2023/fo-farmland,instance_4_1000_1229.pddl,True,False,2830.0,1,1632,30,67,1,1,0,6,17,17,711,14,5.36,12,-1,-1"
"PATTY-GD-DELTA-MAX-CLAUSES,numeric/ipc-2023/fo-farmland,instance_4_300_1229.pddl,True,False,1720.0,1,516,30,67,1,1,0,6,17,17,226,12,5.36,10,-1,-1"
"PATTY-GD-DELTA-MAX-CLAUSES,numeric/ipc-2023/fo-farmland,instance_4_400_1229.pddl,True,False,3260.0,1,946,30,67,1,1,0,6,17,17,282,16,5.36,13,-1,-1"
"PATTY-GD-DELTA-MAX-CLAUSES,numeric/ipc-2023/fo-farmland,instance_4_800_1229.pddl,True,False,9430.0,1,1339,30,67,1,1,0,6,17,17,796,15,5.36,13,-1,-1"
"PATTY-GD-DELTA-MAX-CLAUSES,numeric/ipc-2023/fo-farmland,instance_6_100_1229.pddl,True,False,6240.0,1,215,46,107,1,1,0,8,29,29,53,15,6.14,10,-1,-1"
"PATTY-GD-DELTA-MAX-CLAUSES,numeric/ipc-2023/fo-farmland,instance_6_400_1229.pddl,False,True,30000,-1,0,46,107,1,-1,0,8,29,29,-1,-1,6.14,-1,-1,-1"
"PATTY-GD-DELTA-MAX-CLAUSES,numeric/ipc-2023/fo-farmland,instance_6_600_1229.pddl,True,False,19330.0,1,1358,46,107,1,1,0,8,29,29,600,19,6.14,19,-1,-1"
"PATTY-GD-DELTA-MAX-CLAUSES,numeric/ipc-2023/fo-farmland,instance_6_800_1229.pddl,True,False,9740.0,1,2387,46,107,1,1,0,8,29,29,757,22,6.14,18,-1,-1"
"PATTY-GD-DELTA-MAX-CLAUSES,numeric/ipc-2023/fo-farmland,instance_6_900_1229.pddl,True,False,6800.0,1,1825,46,107,1,1,0,8,29,29,867,20,6.14,13,-1,-1"
"PATTY-GD-DELTA-MAX-CLAUSES,numeric/ipc-2023/fo-farmland,instance_8_300_1229.pddl,False,True,30000,-1,0,62,147,1,-1,0,10,41,41,-1,-1,6.4,-1,-1,-1"
"PATTY-GD-DELTA-MAX-CLAUSES,numeric/ipc-2023/fo-farmland,instance_8_400_1229.pddl,True,False,27150.0,1,519,62,147,1,1,0,10,41,41,298,19,6.4,13,-1,-1"
"PATTY-GD-DELTA-MAX-CLAUSES,numeric/ipc-2023/fo-farmland,instance_8_500_1229.pddl,False,True,30000,-1,0,62,147,1,-1,0,10,41,41,-1,-1,6.4,-1,-1,-1"
"PATTY-GD-DELTA-MAX-CLAUSES,numeric/ipc-2023/fo-farmland,instance_8_600_1229.pddl,False,True,30000,-1,0,62,147,1,-1,0,10,41,41,-1,-1,6.4,-1,-1,-1"
"PATTY-GD-DELTA-MAX-CLAUSES,numeric/ipc-2023/fo-farmland,instance_8_700_1229.pddl,False,True,30000,-1,0,62,147,1,-1,0,10,41,41,-1,-1,6.4,-1,-1,-1"
"PATTY-GD-DELTA-MAX-CLAUSES,numeric/ipc-2023/fo-farmland,instance_8_900_1229.pddl,False,True,30000,-1,0,62,147,1,-1,0,10,41,41,-1,-1,6.4,-1,-1,-1"
"PATTY-GD-DELTA-MAX-CLAUSES,numeric/ipc-2023/fo-sailing,instance_1_1_1229.pddl,True,False,820.0,1,86,19,43,1,1,1,3,10,10,36,7,1.95,6,-1,-1"
"PATTY-GD-DELTA-MAX-CLAUSES,numeric/ipc-2023/fo-sailing,instance_1_2_1229.pddl,True,False,980.0,2,267,33,84,2,2,2,3,11,22,80,17,3.12,10,-1,-1"
"PATTY-GD-DELTA-MAX-CLAUSES,numeric/ipc-2023/fo-sailing,instance_1_3_1229.pddl,True,False,1190.0,3,459,49,133,3,3,3,3,12,36,168,19,4.51,11,-1,-1"
"PATTY-GD-DELTA-MAX-CLAUSES,numeric/ipc-2023/fo-sailing,instance_1_3_1229.pddl,True,False,940.0,3,459,49,133,3,3,3,3,12,36,168,19,4.51,11,-1,-1"
"PATTY-GD-DELTA-MAX-CLAUSES,numeric/ipc-2023/fo-sailing,instance_1_4_1229.pddl,True,False,15900.0,4,1641,67,190,4,4,4,3,13,52,363,18,6.06,11,-1,-1"
"PATTY-GD-DELTA-MAX-CLAUSES,numeric/ipc-2023/fo-sailing,instance_2_1_1229.pddl,True,False,720.0,1,177,35,82,1,1,1,6,20,20,87,5,1.98,3,-1,-1"
"PATTY-GD-DELTA-MAX-CLAUSES,numeric/ipc-2023/fo-sailing,instance_2_2_1229.pddl,True,False,830.0,1,360,39,92,1,1,2,6,22,22,181,8,2.49,6,-1,-1"
"PATTY-GD-DELTA-MAX-CLAUSES,numeric/ipc-2023/fo-sailing,instance_2_3_1229.pddl,True,False,1080.0,2,327,67,180,2,2,3,6,24,48,144,20,3.77,16,-1,-1"
"PATTY-GD-DELTA-MAX-CLAUSES,numeric/ipc-2023/fo-sailing,instance_2_4_1229.pddl,True,False,1190.0,2,2442,73,198,2,2,4,6,26,52,642,28,4.26,17,-1,-1"
"PATTY-GD-DELTA-MAX-CLAUSES,numeric/ipc-2023/fo-sailing,instance_3_1_1229.pddl,True,False,920.0,1,922,51,121,1,1,1,9,30,30,188,12,1.98,9,-1,-1"
"PATTY-GD-DELTA-MAX-CLAUSES,numeric/ipc-2023/fo-sailing,instance_3_2_1229.pddl,True,False,970.0,1,212,56,135,1,1,2,9,33,33,184,5,2.5,2,-1,-1"
"PATTY-GD-DELTA-MAX-CLAUSES,numeric/ipc-2023/fo-sailing,instance_3_3_1229.pddl,True,False,1130.0,1,244,61,149,1,1,3,9,36,36,186,14,2.93,8,-1,-1"
"PATTY-GD-DELTA-MAX-CLAUSES,numeric/ipc-2023/fo-sailing,instance_3_4_1229.pddl,True,False,2760.0,2,1490,105,292,2,2,4,9,39,78,283,28,4.29,18,-1,-1"
"PATTY-GD-DELTA-MAX-CLAUSES,numeric/ipc-2023/fo-sailing,instance_4_1_1229.pddl,True,False,1030.0,1,836,67,160,1,1,1,12,40,40,180,13,1.99,8,-1,-1"
"PATTY-GD-DELTA-MAX-CLAUSES,numeric/ipc-2023/fo-sailing,instance_4_2_1229.pddl,True,False,710.0,1,518,73,178,1,1,2,12,44,44,180,14,2.51,10,-1,-1"
"PATTY-GD-DELTA-MAX-CLAUSES,numeric/ipc-2023/fo-sailing,instance_4_3_1229.pddl,True,False,980.0,1,314,79,196,1,1,3,12,48,48,183,16,2.94,11,-1,-1"
"PATTY-GD-DELTA-MAX-CLAUSES,numeric/ipc-2023/fo-sailing,instance_4_4_1229.pddl,True,False,1500.0,1,5884,85,214,1,1,4,12,52,52,1339,24,3.29,13,-1,-1"
"PATTY-GD-DELTA-MAX-CLAUSES,numeric/ipc-2023/fo-sailing,instance_5_1_1229.pddl,True,False,720.0,1,87,83,199,1,1,1,15,50,50,29,10,1.99,6,-1,-1"
"PATTY-GD-DELTA-MAX-CLAUSES,numeric/ipc-2023/fo-sailing,instance_5_2_1229.pddl,True,False,920.0,1,417,90,221,1,1,2,15,55,55,104,16,2.52,12,-1,-1"
"PATTY-GD-DELTA-MAX-CLAUSES,numeric/ipc-2023/fo-sailing,instance_5_3_1229.pddl,True,False,960.0,1,507,97,243,1,1,3,15,60,60,102,13,2.95,10,-1,-1"
"PATTY-GD-DELTA-MAX-CLAUSES,numeric/ipc-2023/fo-sailing,instance_5_4_1229.pddl,True,False,1760.0,1,1055,104,265,1,1,4,15,65,65,305,37,3.31,18,-1,-1"
"PATTY-GD-DELTA-MAX-CLAUSES,numeric/ipc-2023/fo_counters,instance_10.pddl,True,False,2640.0,1,88,83,185,1,1,0,21,40,40,11,28,3.16,15,-1,-1"
"PATTY-GD-DELTA-MAX-CLAUSES,numeric/ipc-2023/fo_counters,instance_11.pddl,True,False,17560.0,1,184,91,203,1,1,0,23,44,44,19,43,3.17,13,-1,-1"
"PATTY-GD-DELTA-MAX-CLAUSES,numeric/ipc-2023/fo_counters,instance_12.pddl,False,True,30000,-1,0,99,221,1,-1,0,25,48,48,-1,-1,3.17,-1,-1,-1"
"PATTY-GD-DELTA-MAX-CLAUSES,numeric/ipc-2023/fo_counters,instance_13.pddl,False,True,30000,-1,0,107,239,1,-1,0,27,52,52,-1,-1,3.18,-1,-1,-1"
"PATTY-GD-DELTA-MAX-CLAUSES,numeric/ipc-2023/fo_counters,instance_14.pddl,False,True,30000,-1,0,115,257,1,-1,0,29,56,56,-1,-1,3.18,-1,-1,-1"
"PATTY-GD-DELTA-MAX-CLAUSES,numeric/ipc-2023/fo_counters,instance_15.pddl,False,True,30000,-1,0,123,275,1,-1,0,31,60,60,-1,-1,3.18,-1,-1,-1"
"PATTY-GD-DELTA-MAX-CLAUSES,numeric/ipc-2023/fo_counters,instance_16.pddl,False,True,30000,-1,0,131,293,1,-1,0,33,64,64,-1,-1,3.18,-1,-1,-1"
"PATTY-GD-DELTA-MAX-CLAUSES,numeric/ipc-2023/fo_counters,instance_17.pddl,False,True,30000,-1,0,139,311,1,-1,0,35,68,68,-1,-1,3.19,-1,-1,-1"
"PATTY-GD-DELTA-MAX-CLAUSES,numeric/ipc-2023/fo_counters,instance_18.pddl,False,True,30000,-1,0,147,329,1,-1,0,37,72,72,-1,-1,3.19,-1,-1,-1"
"PATTY-GD-DELTA-MAX-CLAUSES,numeric/ipc-2023/fo_counters,instance_19.pddl,False,True,30000,-1,0,155,347,1,-1,0,39,76,76,-1,-1,3.19,-1,-1,-1"
"PATTY-GD-DELTA-MAX-CLAUSES,numeric/ipc-2023/fo_counters,instance_2.pddl,True,False,880.0,1,11,19,41,1,1,0,5,8,8,4,6,2.95,2,-1,-1"
"PATTY-GD-DELTA-MAX-CLAUSES,numeric/ipc-2023/fo_counters,instance_20.pddl,False,True,30000,-1,0,163,365,1,-1,0,41,80,80,-1,-1,3.19,-1,-1,-1"
"PATTY-GD-DELTA-MAX-CLAUSES,numeric/ipc-2023/fo_counters,instance_21.pddl,False,True,30000,-1,0,171,383,1,-1,0,43,84,84,-1,-1,3.19,-1,-1,-1"
"PATTY-GD-DELTA-MAX-CLAUSES,numeric/ipc-2023/fo_counters,instance_3.pddl,True,False,1070.0,1,17,27,59,1,1,0,7,12,12,5,9,3.03,4,-1,-1"
"PATTY-GD-DELTA-MAX-CLAUSES,numeric/ipc-2023/fo_counters,instance_4.pddl,True,False,1110.0,1,25,35,77,1,1,0,9,16,16,6,12,3.08,5,-1,-1"
"PATTY-GD-DELTA-MAX-CLAUSES,numeric/ipc-2023/fo_counters,instance_5.pddl,True,False,1030.0,1,37,43,95,1,1,0,11,20,20,7,15,3.11,7,-1,-1"
"PATTY-GD-DELTA-MAX-CLAUSES,numeric/ipc-2023/fo_counters,instance_6.pddl,True,False,1280.0,1,64,51,113,1,1,0,13,24,24,11,18,3.12,7,-1,-1"
"PATTY-GD-DELTA-MAX-CLAUSES,numeric/ipc-2023/fo_counters,instance_7.pddl,True,False,1450.0,1,74,59,131,1,1,0,15,28,28,11,21,3.14,11,-1,-1"
"PATTY-GD-DELTA-MAX-CLAUSES,numeric/ipc-2023/fo_counters,instance_8.pddl,True,False,3170.0,1,80,67,149,1,1,0,17,32,32,13,21,3.15,10,-1,-1"
"PATTY-GD-DELTA-MAX-CLAUSES,numeric/ipc-2023/fo_counters,instance_9.pddl,True,False,2450.0,1,121,75,167,1,1,0,19,36,36,17,26,3.16,11,-1,-1"
"PATTY-GD-DELTA-MAX-CLAUSES,numeric/ipc-2023/hydropower,pfile01.pddl,True,False,10840.0,1,69,251,595,1,1,49,3,146,146,1,69,19.52,0,-1,-1"
"PATTY-GD-DELTA-MAX-CLAUSES,numeric/ipc-2023/hydropower,pfile02.pddl,True,False,10610.0,1,48,251,595,1,1,49,3,146,146,1,48,19.52,0,-1,-1"
"PATTY-GD-DELTA-MAX-CLAUSES,numeric/ipc-2023/hydropower,pfile04.pddl,True,False,15670.0,1,64,251,595,1,1,49,3,146,146,2,51,19.52,13,-1,-1"
"PATTY-GD-DELTA-MAX-CLAUSES,numeric/ipc-2023/hydropower,pfile05.pddl,False,True,30000,-1,0,251,595,1,-1,49,3,146,146,-1,-1,19.52,-1,-1,-1"
"PATTY-GD-DELTA-MAX-CLAUSES,numeric/ipc-2023/hydropower,pfile06.pddl,True,False,19240.0,1,69,251,595,1,1,49,3,146,146,2,62,19.52,7,-1,-1"
"PATTY-GD-DELTA-MAX-CLAUSES,numeric/ipc-2023/hydropower,pfile07.pddl,True,False,20340.0,1,91,251,595,1,1,49,3,146,146,4,78,19.52,11,-1,-1"
"PATTY-GD-DELTA-MAX-CLAUSES,numeric/ipc-2023/hydropower,pfile08.pddl,True,False,12920.0,1,71,251,595,1,1,49,3,146,146,4,61,19.52,7,-1,-1"
"PATTY-GD-DELTA-MAX-CLAUSES,numeric/ipc-2023/hydropower,pfile09.pddl,True,False,16740.0,1,107,251,595,1,1,49,3,146,146,5,85,19.52,18,-1,-1"
"PATTY-GD-DELTA-MAX-CLAUSES,numeric/ipc-2023/hydropower,pfile11.pddl,False,True,30000,-1,0,251,595,1,-1,49,3,146,146,-1,-1,19.52,-1,-1,-1"
"PATTY-GD-DELTA-MAX-CLAUSES,numeric/ipc-2023/hydropower,pfile12.pddl,True,False,13050.0,1,153,251,595,1,1,49,3,146,146,13,88,19.52,36,-1,-1"
"PATTY-GD-DELTA-MAX-CLAUSES,numeric/ipc-2023/hydropower,pfile13.pddl,True,False,15750.0,1,146,251,595,1,1,49,3,146,146,15,81,19.52,32,-1,-1"
"PATTY-GD-DELTA-MAX-CLAUSES,numeric/ipc-2023/hydropower,pfile14.pddl,True,False,19330.0,1,184,251,595,1,1,49,3,146,146,18,99,19.52,43,-1,-1"
"PATTY-GD-DELTA-MAX-CLAUSES,numeric/ipc-2023/hydropower,pfile18.pddl,True,False,16950.0,1,257,251,595,1,1,49,3,146,146,26,118,19.52,55,-1,-1"
"PATTY-GD-DELTA-MAX-CLAUSES,numeric/ipc-2023/hydropower,pfile19.pddl,True,False,16620.0,1,289,251,595,1,1,49,3,146,146,30,126,19.52,64,-1,-1"
"PATTY-GD-DELTA-MAX-CLAUSES,numeric/ipc-2023/hydropower,pfile20.pddl,False,True,30000,-1,0,251,595,1,-1,49,3,146,146,-1,-1,19.52,-1,-1,-1"
"PATTY-GD-DELTA-MAX-CLAUSES,numeric/ipc-2023/hydropower,pfile22.pddl,True,False,28850.0,1,292,251,595,1,1,49,3,146,146,38,111,19.52,49,-1,-1"
"PATTY-GD-DELTA-MAX-CLAUSES,numeric/ipc-2023/hydropower,pfile23.pddl,False,True,30000,-1,0,251,595,1,-1,49,3,146,146,-1,-1,19.52,-1,-1,-1"
"PATTY-GD-DELTA-MAX-CLAUSES,numeric/ipc-2023/hydropower,pfile24.pddl,False,True,30000,-1,0,251,595,1,-1,49,3,146,146,-1,-1,19.52,-1,-1,-1"
"PATTY-GD-DELTA-MAX-CLAUSES,numeric/ipc-2023/hydropower,pfile27.pddl,False,True,30000,-1,0,251,595,1,-1,49,3,146,146,-1,-1,19.52,-1,-1,-1"
"PATTY-GD-DELTA-MAX-CLAUSES,numeric/ipc-2023/hydropower,pfile28.pddl,True,False,13790.0,1,397,251,595,1,1,49,3,146,146,53,123,19.52,68,-1,-1"
"PATTY-GD-DELTA-MAX-CLAUSES,numeric/ipc-2023/markettrader,pfile01.pddl,False,True,30000,-1,0,92,220,3,-1,2,16,55,55,-1,-1,7.8,-1,-1,-1"
"PATTY-GD-DELTA-MAX-CLAUSES,numeric/ipc-2023/markettrader,pfile02.pddl,False,True,30000,-1,0,86,205,4,-1,2,15,51,51,-1,-1,7.52,-1,-1,-1"
"PATTY-GD-DELTA-MAX-CLAUSES,numeric/ipc-2023/markettrader,pfile03.pddl,False,True,30000,-1,0,86,205,3,-1,2,15,51,51,-1,-1,7.52,-1,-1,-1"
"PATTY-GD-DELTA-MAX-CLAUSES,numeric/ipc-2023/markettrader,pfile04.pddl,False,True,30000,-1,0,87,208,3,-1,2,15,52,52,-1,-1,7.74,-1,-1,-1"
"PATTY-GD-DELTA-MAX-CLAUSES,numeric/ipc-2023/markettrader,pfile05.pddl,False,True,30000,-1,0,87,208,4,-1,2,15,52,52,-1,-1,7.74,-1,-1,-1"
"PATTY-GD-DELTA-MAX-CLAUSES,numeric/ipc-2023/markettrader,pfile06.pddl,False,True,30000,-1,0,132,334,1,-1,3,18,89,89,-1,-1,10.9,-1,-1,-1"
"PATTY-GD-DELTA-MAX-CLAUSES,numeric/ipc-2023/markettrader,pfile07.pddl,False,True,30000,-1,0,124,316,2,-1,3,16,85,85,-1,-1,11.73,-1,-1,-1"
"PATTY-GD-DELTA-MAX-CLAUSES,numeric/ipc-2023/markettrader,pfile08.pddl,False,True,30000,-1,0,123,313,1,-1,3,16,84,84,-1,-1,11.89,-1,-1,-1"
"PATTY-GD-DELTA-MAX-CLAUSES,numeric/ipc-2023/markettrader,pfile09.pddl,False,True,30000,-1,0,122,308,1,-1,3,16,83,83,-1,-1,12.77,-1,-1,-1"
"PATTY-GD-DELTA-MAX-CLAUSES,numeric/ipc-2023/markettrader,pfile10.pddl,False,True,30000,-1,0,134,340,1,-1,3,18,91,91,-1,-1,11.49,-1,-1,-1"
"PATTY-GD-DELTA-MAX-CLAUSES,numeric/ipc-2023/markettrader,pfile11.pddl,False,True,30000,-1,0,152,398,1,-1,4,16,111,111,-1,-1,16.05,-1,-1,-1"
"PATTY-GD-DELTA-MAX-CLAUSES,numeric/ipc-2023/markettrader,pfile12.pddl,False,True,30000,-1,0,147,390,1,-1,4,15,108,108,-1,-1,15.78,-1,-1,-1"
"PATTY-GD-DELTA-MAX-CLAUSES,numeric/ipc-2023/markettrader,pfile13.pddl,False,True,30000,-1,0,161,424,1,-1,4,17,118,118,-1,-1,15.31,-1,-1,-1"
"PATTY-GD-DELTA-MAX-CLAUSES,numeric/ipc-2023/markettrader,pfile14.pddl,False,True,30000,-1,0,159,416,1,-1,4,17,116,116,-1,-1,16.91,-1,-1,-1"
"PATTY-GD-DELTA-MAX-CLAUSES,numeric/ipc-2023/markettrader,pfile15.pddl,False,True,30000,-1,0,165,433,1,-1,4,18,120,120,-1,-1,14.39,-1,-1,-1"
"PATTY-GD-DELTA-MAX-CLAUSES,numeric/ipc-2023/markettrader,pfile16.pddl,False,True,30000,-1,0,196,522,1,-1,5,18,149,149,-1,-1,19.31,-1,-1,-1"
"PATTY-GD-DELTA-MAX-CLAUSES,numeric/ipc-2023/markettrader,pfile17.pddl,False,True,30000,-1,0,194,525,1,-1,5,17,149,149,-1,-1,21.08,-1,-1,-1"
"PATTY-GD-DELTA-MAX-CLAUSES,numeric/ipc-2023/markettrader,pfile18.pddl,False,True,30000,-1,0,200,540,1,-1,5,18,153,153,-1,-1,21.04,-1,-1,-1"
"PATTY-GD-DELTA-MAX-CLAUSES,numeric/ipc-2023/markettrader,pfile19.pddl,False,True,30000,-1,0,196,522,1,-1,5,18,149,149,-1,-1,19.63,-1,-1,-1"
"PATTY-GD-DELTA-MAX-CLAUSES,numeric/ipc-2023/markettrader,pfile20.pddl,False,True,30000,-1,0,200,538,1,-1,5,18,153,153,-1,-1,19.93,-1,-1,-1"
"PATTY-GD-DELTA-MAX-CLAUSES,numeric/ipc-2023/mprime,pfile01.pddl,True,False,1260.0,2,86,239,685,2,2,27,7,85,170,7,36,12.74,26,-1,-1"
"PATTY-GD-DELTA-MAX-CLAUSES,numeric/ipc-2023/mprime,pfile02.pddl,False,True,30000,-1,0,3017,10425,2,-1,248,11,1249,2498,-1,-1,67.2,-1,-1,-1"
"PATTY-GD-DELTA-MAX-CLAUSES,numeric/ipc-2023/mprime,pfile04.pddl,True,False,2930.0,2,104,733,2153,2,2,87,11,268,536,5,55,31.7,36,-1,-1"
"PATTY-GD-DELTA-MAX-CLAUSES,numeric/ipc-2023/mprime,pfile05.pddl,True,False,16750.0,2,55,2641,9102,2,2,212,12,1096,2192,5,40,60.36,12,-1,-1"
"PATTY-GD-DELTA-MAX-CLAUSES,numeric/ipc-2023/mprime,pfile09.pddl,True,False,12020.0,2,59,2031,6943,2,2,171,11,833,1666,3,47,45.9,9,-1,-1"
"PATTY-GD-DELTA-MAX-CLAUSES,numeric/ipc-2023/mprime,pfile13.pddl,False,True,30000,-1,0,-1,-1,-1,-1,1488,29,15002,-1,-1,-1,-1,-1,-1,-1"
"PATTY-GD-DELTA-MAX-CLAUSES,numeric/ipc-2023/mprime,pfile14.pddl,False,True,30000,-1,0,-1,-1,-1,-1,1509,30,17595,-1,-1,-1,-1,-1,-1,-1"
"PATTY-GD-DELTA-MAX-CLAUSES,numeric/ipc-2023/mprime,pfile15.pddl,False,True,30000,-1,0,6772,23351,1,-1,551,28,5613,5613,-1,-1,52.89,-1,-1,-1"
"PATTY-GD-DELTA-MAX-CLAUSES,numeric/ipc-2023/mprime,pfile16.pddl,True,False,10630.0,1,59,2190,7113,1,1,239,18,1675,1675,8,36,25.77,15,-1,-1"
"PATTY-GD-DELTA-MAX-CLAUSES,numeric/ipc-2023/mprime,pfile18.pddl,False,True,30000,-1,0,8157,29023,2,-1,415,29,3634,7268,-1,-1,97.37,-1,-1,-1"
"PATTY-GD-DELTA-MAX-CLAUSES,numeric/ipc-2023/mprime,pfile19.pddl,False,True,30000,-1,0,4820,16286,1,-1,442,23,3889,3889,-1,-1,48.54,-1,-1,-1"
"PATTY-GD-DELTA-MAX-CLAUSES,numeric/ipc-2023/mprime,pfile20.pddl,False,True,30000,-1,0,5559,19557,2,-1,314,29,2436,4872,-1,-1,48.67,-1,-1,-1"
"PATTY-GD-DELTA-MAX-CLAUSES,numeric/ipc-2023/mprime,pfile21.pddl,False,True,30000,-1,0,6625,22160,1,-1,684,18,5220,5220,-1,-1,92.68,-1,-1,-1"
"PATTY-GD-DELTA-MAX-CLAUSES,numeric/ipc-2023/mprime,pfile22.pddl,False,True,30000,-1,0,-1,-1,-1,-1,1002,37,13561,-1,-1,-1,-1,-1,-1,-1"
"PATTY-GD-DELTA-MAX-CLAUSES,numeric/ipc-2023/mprime,pfile23.pddl,False,True,30000,-1,0,6104,20629,1,-1,549,26,4953,4953,-1,-1,66.99,-1,-1,-1"
"PATTY-GD-DELTA-MAX-CLAUSES,numeric/ipc-2023/mprime,pfile24.pddl,False,True,30000,-1,0,5128,15929,1,-1,711,18,3669,3669,-1,-1,114.97,-1,-1,-1"
"PATTY-GD-DELTA-MAX-CLAUSES,numeric/ipc-2023/mprime,pfile25.pddl,True,False,1180.0,2,38,189,572,2,2,20,6,68,136,6,16,10.67,10,-1,-1"
"PATTY-GD-DELTA-MAX-CLAUSES,numeric/ipc-2023/mprime,pfile26.pddl,True,False,18150.0,2,130,1879,6373,2,2,128,17,794,1588,8,84,32.33,29,-1,-1"
"PATTY-GD-DELTA-MAX-CLAUSES,numeric/ipc-2023/mprime,pfile27.pddl,True,False,3320.0,2,159,893,2936,2,2,81,10,355,710,19,65,25.12,51,-1,-1"
"PATTY-GD-DELTA-MAX-CLAUSES,numeric/ipc-2023/mprime,pfile28.pddl,True,False,1820.0,3,92,428,1323,3,3,47,6,107,321,11,36,28.3,25,-1,-1"
"PATTY-GD-DELTA-MAX-CLAUSES,numeric/ipc-2023/pathwaysmetric,pfile01.pddl,True,False,1020.0,1,15,163,295,1,1,32,27,44,44,6,7,2.24,4,-1,-1"
"PATTY-GD-DELTA-MAX-CLAUSES,numeric/ipc-2023/pathwaysmetric,pfile03.pddl,True,False,1120.0,1,88,261,484,1,1,38,55,74,74,28,20,2.46,14,-1,-1"
"PATTY-GD-DELTA-MAX-CLAUSES,numeric/ipc-2023/pathwaysmetric,pfile04.pddl,True,False,1300.0,1,102,326,619,1,1,44,68,101,101,22,20,2.59,16,-1,-1"
"PATTY-GD-DELTA-MAX-CLAUSES,numeric/ipc-2023/pathwaysmetric,pfile06.pddl,True,False,6900.0,1,16665,559,1053,1,1,70,126,166,166,5328,138,3.06,98,-1,-1"
"PATTY-GD-DELTA-MAX-CLAUSES,numeric/ipc-2023/pathwaysmetric,pfile07.pddl,True,False,3290.0,1,857,698,1330,1,1,80,161,215,215,115,110,3.19,86,-1,-1"
"PATTY-GD-DELTA-MAX-CLAUSES,numeric/ipc-2023/pathwaysmetric,pfile08.pddl,True,False,8180.0,1,10766,841,1635,1,1,82,200,276,276,1172,236,3.56,185,-1,-1"
"PATTY-GD-DELTA-MAX-CLAUSES,numeric/ipc-2023/pathwaysmetric,pfile09.pddl,False,True,30000,-1,0,834,1607,1,-1,96,186,269,269,-1,-1,3.65,-1,-1,-1"
"PATTY-GD-DELTA-MAX-CLAUSES,numeric/ipc-2023/pathwaysmetric,pfile10.pddl,False,True,30000,-1,0,761,1535,1,-1,78,158,288,288,-1,-1,3.38,-1,-1,-1"
"PATTY-GD-DELTA-MAX-CLAUSES,numeric/ipc-2023/pathwaysmetric,pfile11.pddl,False,True,30000,-1,0,757,1500,1,-1,94,147,274,274,-1,-1,2.99,-1,-1,-1"
"PATTY-GD-DELTA-MAX-CLAUSES,numeric/ipc-2023/pathwaysmetric,pfile13.pddl,True,False,10810.0,1,7372,860,1697,1,1,96,182,303,303,838,260,3.24,204,-1,-1"
"PATTY-GD-DELTA-MAX-CLAUSES,numeric/ipc-2023/pathwaysmetric,pfile14.pddl,False,True,30000,-1,0,877,1732,1,-1,86,199,306,306,-1,-1,3.81,-1,-1,-1"
"PATTY-GD-DELTA-MAX-CLAUSES,numeric/ipc-2023/pathwaysmetric,pfile15.pddl,False,True,30000,-1,0,932,1910,1,-1,90,190,371,371,-1,-1,3.52,-1,-1,-1"
"PATTY-GD-DELTA-MAX-CLAUSES,numeric/ipc-2023/pathwaysmetric,pfile16.pddl,False,True,30000,-1,0,1459,2959,1,-1,110,344,550,550,-1,-1,4.44,-1,-1,-1"
"PATTY-GD-DELTA-MAX-CLAUSES,numeric/ipc-2023/pathwaysmetric,pfile18.pddl,True,False,16590.0,1,9223,1128,2218,1,1,92,281,381,381,1431,345,4.38,280,-1,-1"
"PATTY-GD-DELTA-MAX-CLAUSES,numeric/ipc-2023/pathwaysmetric,pfile20.pddl,True,False,16730.0,1,5427,1257,2488,1,1,104,306,436,436,585,380,4.47,315,-1,-1"
"PATTY-GD-DELTA-MAX-CLAUSES,numeric/ipc-2023/pathwaysmetric,pfile21.pddl,False,True,30000,-1,0,1475,3013,1,-1,122,328,574,574,-1,-1,4.17,-1,-1,-1"
"PATTY-GD-DELTA-MAX-CLAUSES,numeric/ipc-2023/pathwaysmetric,pfile23.pddl,False,True,30000,-1,0,1304,2662,1,-1,122,274,511,511,-1,-1,3.9,-1,-1,-1"
"PATTY-GD-DELTA-MAX-CLAUSES,numeric/ipc-2023/pathwaysmetric,pfile24.pddl,False,True,30000,-1,0,1471,2892,1,-1,112,376,494,494,-1,-1,4.59,-1,-1,-1"
"PATTY-GD-DELTA-MAX-CLAUSES,numeric/ipc-2023/pathwaysmetric,pfile26.pddl,False,True,30000,-1,0,1662,3415,1,-1,134,367,659,659,-1,-1,4.46,-1,-1,-1"
"PATTY-GD-DELTA-MAX-CLAUSES,numeric/ipc-2023/pathwaysmetric,pfile27.pddl,False,True,30000,-1,0,1946,3999,1,-1,142,447,767,767,-1,-1,4.78,-1,-1,-1"
"PATTY-GD-DELTA-MAX-CLAUSES,numeric/ipc-2023/rover,pfile1.pddl,True,False,1930.0,2,15,229,655,2,2,40,2,72,144,2,13,34.03,2,-1,-1"
"PATTY-GD-DELTA-MAX-CLAUSES,numeric/ipc-2023/rover,pfile10.pddl,False,True,30000,-1,0,1861,6365,3,-1,166,5,506,1518,-1,-1,99.72,-1,-1,-1"
"PATTY-GD-DELTA-MAX-CLAUSES,numeric/ipc-2023/rover,pfile11.pddl,False,True,30000,-1,0,2519,8925,3,-1,171,5,722,2166,-1,-1,135.07,-1,-1,-1"
"PATTY-GD-DELTA-MAX-CLAUSES,numeric/ipc-2023/rover,pfile12.pddl,True,False,15670.0,2,74,1619,5351,2,2,175,5,629,1258,21,35,86.37,8,-1,-1"
"PATTY-GD-DELTA-MAX-CLAUSES,numeric/ipc-2023/rover,pfile13.pddl,False,True,30000,-1,0,2553,8875,2,-1,204,5,1067,2134,-1,-1,136.01,-1,-1,-1"
"PATTY-GD-DELTA-MAX-CLAUSES,numeric/ipc-2023/rover,pfile14.pddl,False,True,30000,-1,0,2075,6915,2,-1,212,5,820,1640,-1,-1,102.85,-1,-1,-1"
"PATTY-GD-DELTA-MAX-CLAUSES,numeric/ipc-2023/rover,pfile15.pddl,False,True,30000,-1,0,2765,9481,2,-1,242,5,1135,2270,-1,-1,157.91,-1,-1,-1"
"PATTY-GD-DELTA-MAX-CLAUSES,numeric/ipc-2023/rover,pfile16.pddl,False,True,30000,-1,0,2295,7625,2,-1,243,5,899,1798,-1,-1,132.98,-1,-1,-1"
"PATTY-GD-DELTA-MAX-CLAUSES,numeric/ipc-2023/rover,pfile17.pddl,False,True,30000,-1,0,2784,8510,1,-1,422,7,1925,1925,-1,-1,83.07,-1,-1,-1"
"PATTY-GD-DELTA-MAX-CLAUSES,numeric/ipc-2023/rover,pfile18.pddl,False,True,30000,-1,0,3547,10665,1,-1,561,7,2410,2410,-1,-1,96.67,-1,-1,-1"
"PATTY-GD-DELTA-MAX-CLAUSES,numeric/ipc-2023/rover,pfile19.pddl,False,True,30000,-1,0,-1,-1,-1,-1,593,7,4250,-1,-1,-1,-1,-1,-1,-1"
"PATTY-GD-DELTA-MAX-CLAUSES,numeric/ipc-2023/rover,pfile2.pddl,True,False,1410.0,2,16,253,719,2,2,45,2,79,158,1,16,37.08,0,-1,-1"
"PATTY-GD-DELTA-MAX-CLAUSES,numeric/ipc-2023/rover,pfile20.pddl,False,True,30000,-1,0,-1,-1,-1,-1,858,9,6723,-1,-1,-1,-1,-1,-1,-1"
"PATTY-GD-DELTA-MAX-CLAUSES,numeric/ipc-2023/rover,pfile3.pddl,True,False,8310.0,3,78,465,1455,3,3,61,3,112,336,23,33,44.51,5,-1,-1"
"PATTY-GD-DELTA-MAX-CLAUSES,numeric/ipc-2023/rover,pfile4.pddl,True,False,1010.0,1,42,259,603,1,1,68,3,116,116,21,11,13.97,3,-1,-1"
"PATTY-GD-DELTA-MAX-CLAUSES,numeric/ipc-2023/rover,pfile5.pddl,True,False,3880.0,2,64,505,1541,2,2,74,3,175,350,25,30,44.46,4,-1,-1"
"PATTY-GD-DELTA-MAX-CLAUSES,numeric/ipc-2023/rover,pfile6.pddl,False,True,30000,-1,0,1205,4243,4,-1,83,3,258,1032,-1,-1,127.71,-1,-1,-1"
"PATTY-GD-DELTA-MAX-CLAUSES,numeric/ipc-2023/rover,pfile7.pddl,True,False,3140.0,2,28,663,2015,2,2,99,4,228,456,4,22,38.7,3,-1,-1"
"PATTY-GD-DELTA-MAX-CLAUSES,numeric/ipc-2023/rover,pfile8.pddl,True,False,7820.0,2,46,1217,3935,2,2,145,5,458,916,14,29,59.01,5,-1,-1"
"PATTY-GD-DELTA-MAX-CLAUSES,numeric/ipc-2023/rover,pfile9.pddl,False,True,30000,-1,0,2325,8167,4,-1,165,5,496,1984,-1,-1,122.74,-1,-1,-1"
"PATTY-GD-DELTA-MAX-CLAUSES,numeric/ipc-2023/sailing,instance_1_10_1229.pddl,True,False,2820.0,9,2202,178,449,9,9,10,2,17,153,218,44,16.72,30,-1,-1"
"PATTY-GD-DELTA-MAX-CLAUSES,numeric/ipc-2023/sailing,instance_1_4_1229.pddl,True,False,720.0,4,960,57,106,4,4,4,2,11,44,284,12,7.88,8,-1,-1"
"PATTY-GD-DELTA-MAX-CLAUSES,numeric/ipc-2023/sailing,instance_1_5_1229.pddl,True,False,1070.0,5,1227,75,151,5,5,5,2,12,60,181,15,9.58,10,-1,-1"
"PATTY-GD-DELTA-MAX-CLAUSES,numeric/ipc-2023/sailing,instance_1_6_1229.pddl,True,False,1300.0,6,953,95,204,6,6,6,2,13,78,106,18,11.3,12,-1,-1"
"PATTY-GD-DELTA-MAX-CLAUSES,numeric/ipc-2023/sailing,instance_1_7_1229.pddl,True,False,1130.0,6,885,103,230,6,6,7,2,14,84,137,19,11.61,12,-1,-1"
"PATTY-GD-DELTA-MAX-CLAUSES,numeric/ipc-2023/sailing,instance_2_10_1229.pddl,True,False,2660.0,5,1883,199,500,5,5,10,4,34,170,195,43,11.09,30,-1,-1"
"PATTY-GD-DELTA-MAX-CLAUSES,numeric/ipc-2023/sailing,instance_2_1_1229.pddl,True,False,790.0,1,174,27,34,1,1,1,4,16,16,88,3,3.06,2,-1,-1"
"PATTY-GD-DELTA-MAX-CLAUSES,numeric/ipc-2023/sailing,instance_2_2_1229.pddl,True,False,590.0,1,197,31,44,1,1,2,4,18,18,90,6,3.61,4,-1,-1"
"PATTY-GD-DELTA-MAX-CLAUSES,numeric/ipc-2023/sailing,instance_2_4_1229.pddl,True,False,830.0,2,914,61,110,2,2,4,4,22,44,287,12,5.61,8,-1,-1"
"PATTY-GD-DELTA-MAX-CLAUSES,numeric/ipc-2023/sailing,instance_2_7_1229.pddl,True,False,1240.0,3,1156,107,234,3,3,7,4,28,84,238,27,7.67,19,-1,-1"
"PATTY-GD-DELTA-MAX-CLAUSES,numeric/ipc-2023/sailing,instance_2_8_1229.pddl,True,False,1610.0,4,2027,145,338,4,4,8,4,30,120,416,33,9.29,23,-1,-1"
"PATTY-GD-DELTA-MAX-CLAUSES,numeric/ipc-2023/sailing,instance_2_9_1229.pddl,True,False,1270.0,4,3305,155,372,4,4,9,4,32,128,611,42,9.45,29,-1,-1"
"PATTY-GD-DELTA-MAX-CLAUSES,numeric/ipc-2023/sailing,instance_3_4_1229.pddl,True,False,900.0,2,995,87,160,2,2,4,6,33,66,187,16,5.72,12,-1,-1"
"PATTY-GD-DELTA-MAX-CLAUSES,numeric/ipc-2023/sailing,instance_3_5_1229.pddl,True,False,750.0,2,1151,95,186,2,2,5,6,36,72,200,17,5.98,12,-1,-1"
"PATTY-GD-DELTA-MAX-CLAUSES,numeric/ipc-2023/sailing,instance_3_6_1229.pddl,True,False,980.0,2,1195,103,212,2,2,6,6,39,78,209,18,6.17,12,-1,-1"
"PATTY-GD-DELTA-MAX-CLAUSES,numeric/ipc-2023/sailing,instance_4_10_1229.pddl,True,False,1820.0,3,3408,241,602,3,3,10,8,68,204,364,56,8.26,39,-1,-1"
"PATTY-GD-DELTA-MAX-CLAUSES,numeric/ipc-2023/sailing,instance_4_2_1229.pddl,True,False,640.0,1,288,57,82,1,1,2,8,36,36,176,6,3.74,4,-1,-1"
"PATTY-GD-DELTA-MAX-CLAUSES,numeric/ipc-2023/sailing,instance_4_5_1229.pddl,True,False,1080.0,2,1408,123,244,2,2,5,8,48,96,279,21,6.04,16,-1,-1"
"PATTY-GD-DELTA-MAX-CLAUSES,numeric/ipc-2023/sailing,instance_4_6_1229.pddl,True,False,840.0,2,1753,133,278,2,2,6,8,52,104,284,22,6.24,16,-1,-1"
"PATTY-GD-DELTA-MAX-CLAUSES,numeric/ipc-2023/sailing,instance_4_7_1229.pddl,True,False,940.0,2,2750,143,312,2,2,7,8,56,112,586,37,6.4,24,-1,-1"
"PATTY-GD-DELTA-MAX-CLAUSES,numeric/ipc-2023/settlers-compiled,pfile1.pddl,False,False,1480.0,-1,0,-1,-1,-1,-1,110,84,630,-1,-1,-1,-1,-1,-1,-1"
"PATTY-GD-DELTA-MAX-CLAUSES,numeric/ipc-2023/settlers-compiled,pfile10.pddl,True,False,8840.0,1,3649,1867,3880,1,1,175,116,500,500,188,257,9.07,223,-1,-1"
"PATTY-GD-DELTA-MAX-CLAUSES,numeric/ipc-2023/settlers-compiled,pfile11.pddl,True,False,8560.0,1,4184,1903,3972,1,1,179,116,528,528,464,335,10.04,303,-1,-1"
"PATTY-GD-DELTA-MAX-CLAUSES,numeric/ipc-2023/settlers-compiled,pfile12.pddl,True,False,5890.0,1,4074,1924,4027,1,1,181,116,545,545,398,256,10.41,232,-1,-1"
"PATTY-GD-DELTA-MAX-CLAUSES,numeric/ipc-2023/settlers-compiled,pfile13.pddl,True,False,7570.0,1,3738,2317,4845,1,1,212,131,622,622,393,376,10.2,349,-1,-1"
"PATTY-GD-DELTA-MAX-CLAUSES,numeric/ipc-2023/settlers-compiled,pfile14.pddl,False,False,6310.0,-1,0,-1,-1,-1,-1,518,204,5202,-1,-1,-1,-1,-1,-1,-1"
"PATTY-GD-DELTA-MAX-CLAUSES,numeric/ipc-2023/settlers-compiled,pfile15.pddl,False,False,2430.0,-1,0,-1,-1,-1,-1,351,132,2318,-1,-1,-1,-1,-1,-1,-1"
"PATTY-GD-DELTA-MAX-CLAUSES,numeric/ipc-2023/settlers-compiled,pfile16.pddl,False,False,3910.0,-1,0,-1,-1,-1,-1,351,132,2318,-1,-1,-1,-1,-1,-1,-1"
"PATTY-GD-DELTA-MAX-CLAUSES,numeric/ipc-2023/settlers-compiled,pfile17.pddl,False,True,30000,-1,0,2785,5840,1,-1,249,146,734,734,-1,-1,10.68,-1,-1,-1"
"PATTY-GD-DELTA-MAX-CLAUSES,numeric/ipc-2023/settlers-compiled,pfile18.pddl,False,True,30000,-1,0,3656,7740,1,-1,320,169,997,997,-1,-1,12.19,-1,-1,-1"
"PATTY-GD-DELTA-MAX-CLAUSES,numeric/ipc-2023/settlers-compiled,pfile19.pddl,False,True,30000,-1,0,4495,9545,1,-1,390,193,1228,1228,-1,-1,12.54,-1,-1,-1"
"PATTY-GD-DELTA-MAX-CLAUSES,numeric/ipc-2023/settlers-compiled,pfile2.pddl,True,False,4210.0,1,1184,947,1922,1,1,96,78,248,248,111,131,7.2,112,-1,-1"
"PATTY-GD-DELTA-MAX-CLAUSES,numeric/ipc-2023/settlers-compiled,pfile20.pddl,False,True,30000,-1,0,4496,9548,1,-1,390,193,1229,1229,-1,-1,12.3,-1,-1,-1"
"PATTY-GD-DELTA-MAX-CLAUSES,numeric/ipc-2023/settlers-compiled,pfile3.pddl,True,False,3470.0,1,2496,968,1977,1,1,98,78,265,265,541,138,7.89,121,-1,-1"
"PATTY-GD-DELTA-MAX-CLAUSES,numeric/ipc-2023/settlers-compiled,pfile4.pddl,True,False,3150.0,1,1437,952,1937,1,1,96,78,253,253,166,156,7.22,140,-1,-1"
"PATTY-GD-DELTA-MAX-CLAUSES,numeric/ipc-2023/settlers-compiled,pfile5.pddl,True,False,5060.0,1,2564,1144,2353,1,1,115,86,321,321,254,180,8.32,166,-1,-1"
"PATTY-GD-DELTA-MAX-CLAUSES,numeric/ipc-2023/settlers-compiled,pfile6.pddl,True,False,10460.0,1,3981,1289,2651,1,1,126,93,346,346,346,173,8.61,157,-1,-1"
"PATTY-GD-DELTA-MAX-CLAUSES,numeric/ipc-2023/settlers-compiled,pfile7.pddl,False,False,1450.0,-1,0,-1,-1,-1,-1,218,108,1365,-1,-1,-1,-1,-1,-1,-1"
"PATTY-GD-DELTA-MAX-CLAUSES,numeric/ipc-2023/settlers-compiled,pfile8.pddl,True,False,6400.0,1,4368,1628,3355,1,1,154,108,417,417,537,214,8.63,191,-1,-1"
"PATTY-GD-DELTA-MAX-CLAUSES,numeric/ipc-2023/settlers-compiled,pfile9.pddl,True,False,5420.0,1,4168,1487,3077,1,1,144,101,408,408,332,245,8.67,216,-1,-1"
"PATTY-GD-DELTA-MAX-CLAUSES,numeric/ipc-2023/sugar,pfile01.pddl,True,False,3920.0,4,29,481,1386,4,4,28,38,174,348,2,25,15.64,4,-1,-1"
"PATTY-GD-DELTA-MAX-CLAUSES,numeric/ipc-2023/sugar,pfile02.pddl,False,True,30000,-1,0,1173,3800,12,-1,37,44,202,1010,-1,-1,33.57,-1,-1,-1"
"PATTY-GD-DELTA-MAX-CLAUSES,numeric/ipc-2023/sugar,pfile03.pddl,True,False,6210.0,10,74,362,918,10,10,37,43,201,201,5,58,8.34,7,-1,-1"
"PATTY-GD-DELTA-MAX-CLAUSES,numeric/ipc-2023/sugar,pfile04.pddl,True,False,7950.0,6,61,649,1922,6,6,39,44,241,482,5,49,17.31,5,-1,-1"
"PATTY-GD-DELTA-MAX-CLAUSES,numeric/ipc-2023/sugar,pfile05.pddl,True,False,9690.0,8,85,408,1065,8,8,39,44,241,241,5,53,9.8,21,-1,-1"
"PATTY-GD-DELTA-MAX-CLAUSES,numeric/ipc-2023/sugar,pfile06.pddl,True,False,2440.0,2,36,649,1921,2,2,39,44,241,482,4,28,17.58,4,-1,-1"
"PATTY-GD-DELTA-MAX-CLAUSES,numeric/ipc-2023/sugar,pfile07.pddl,True,False,3570.0,2,34,649,1922,2,2,39,44,241,482,6,23,17.43,3,-1,-1"
"PATTY-GD-DELTA-MAX-CLAUSES,numeric/ipc-2023/sugar,pfile08.pddl,True,False,6600.0,3,56,890,2777,3,3,39,44,241,723,6,38,25.02,9,-1,-1"
"PATTY-GD-DELTA-MAX-CLAUSES,numeric/ipc-2023/sugar,pfile09.pddl,True,False,3790.0,2,34,649,1921,2,2,39,44,241,482,4,26,17.59,5,-1,-1"
"PATTY-GD-DELTA-MAX-CLAUSES,numeric/ipc-2023/sugar,pfile10.pddl,True,False,7610.0,7,134,408,1066,7,7,39,44,241,241,5,83,9.52,32,-1,-1"
"PATTY-GD-DELTA-MAX-CLAUSES,numeric/ipc-2023/sugar,pfile11.pddl,True,False,2560.0,2,43,641,1896,2,2,39,44,237,474,9,25,16.43,5,-1,-1"
"PATTY-GD-DELTA-MAX-CLAUSES,numeric/ipc-2023/sugar,pfile12.pddl,True,False,11930.0,5,61,649,1921,5,5,39,44,241,482,2,57,17.23,4,-1,-1"
"PATTY-GD-DELTA-MAX-CLAUSES,numeric/ipc-2023/sugar,pfile13.pddl,True,False,8900.0,3,60,890,2777,3,3,39,44,241,723,5,45,25.02,10,-1,-1"
"PATTY-GD-DELTA-MAX-CLAUSES,numeric/ipc-2023/sugar,pfile14.pddl,True,False,9010.0,3,52,890,2777,3,3,39,44,241,723,6,35,25.04,9,-1,-1"
"PATTY-GD-DELTA-MAX-CLAUSES,numeric/ipc-2023/sugar,pfile15.pddl,True,False,8990.0,3,57,890,2777,3,3,39,44,241,723,10,29,25.42,5,-1,-1"
"PATTY-GD-DELTA-MAX-CLAUSES,numeric/ipc-2023/sugar,pfile16.pddl,True,False,7400.0,3,70,890,2777,3,3,39,44,241,723,4,47,25.35,12,-1,-1"
"PATTY-GD-DELTA-MAX-CLAUSES,numeric/ipc-2023/sugar,pfile17.pddl,True,False,16690.0,4,49,1131,3633,4,4,39,44,241,964,2,47,32.8,2,-1,-1"
"PATTY-GD-DELTA-MAX-CLAUSES,numeric/ipc-2023/sugar,pfile18.pddl,True,False,15580.0,4,41,1131,3633,4,4,39,44,241,964,5,35,32.79,3,-1,-1"
"PATTY-GD-DELTA-MAX-CLAUSES,numeric/ipc-2023/sugar,pfile19.pddl,True,False,21860.0,4,81,1131,3633,4,4,39,44,241,964,9,46,32.76,10,-1,-1"
"PATTY-GD-DELTA-MAX-CLAUSES,numeric/ipc-2023/sugar,pfile20.pddl,True,False,16590.0,5,89,408,1065,5,5,39,44,241,241,6,50,9.83,12,-1,-1"
"PATTY-GD-DELTA-MAX-CLAUSES,numeric/ipc-2023/tpp,p02.pddl,True,False,1080.0,2,10,97,262,2,2,6,10,50,50,1,10,4.83,0,-1,-1"
"PATTY-GD-DELTA-MAX-CLAUSES,numeric/ipc-2023/tpp,p04.pddl,True,False,6640.0,3,12,125,322,3,3,6,16,58,58,1,12,4.81,0,-1,-1"
"PATTY-GD-DELTA-MAX-CLAUSES,numeric/ipc-2023/tpp,p06.pddl,False,True,30000,-1,0,609,1864,2,-1,11,40,187,374,-1,-1,11.69,-1,-1,-1"
"PATTY-GD-DELTA-MAX-CLAUSES,numeric/ipc-2023/tpp,p07.pddl,False,True,30000,-1,0,641,1944,2,-1,11,44,193,386,-1,-1,11.49,-1,-1,-1"
"PATTY-GD-DELTA-MAX-CLAUSES,numeric/ipc-2023/tpp,p17.pddl,False,True,30000,-1,0,2811,8418,2,-1,21,203,811,1622,-1,-1,19.28,-1,-1,-1"
"PATTY-GD-DELTA-MAX-CLAUSES,numeric/ipc-2023/tpp,p18.pddl,False,True,30000,-1,0,2903,8654,2,-1,21,213,829,1658,-1,-1,19.23,-1,-1,-1"
"PATTY-GD-DELTA-MAX-CLAUSES,numeric/ipc-2023/tpp,p20.pddl,False,True,30000,-1,0,3107,9178,2,-1,21,235,869,1738,-1,-1,19.08,-1,-1,-1"
"PATTY-GD-DELTA-MAX-CLAUSES,numeric/ipc-2023/tpp,p21.pddl,False,True,30000,-1,0,2531,6904,1,-1,26,315,1262,1262,-1,-1,12.62,-1,-1,-1"
"PATTY-GD-DELTA-MAX-CLAUSES,numeric/ipc-2023/tpp,p22.pddl,False,True,30000,-1,0,4501,13438,2,-1,26,328,1286,2572,-1,-1,23.17,-1,-1,-1"
"PATTY-GD-DELTA-MAX-CLAUSES,numeric/ipc-2023/tpp,p24.pddl,False,True,30000,-1,0,4705,13962,2,-1,26,350,1326,2652,-1,-1,22.99,-1,-1,-1"
"PATTY-GD-DELTA-MAX-CLAUSES,numeric/ipc-2023/tpp,p25.pddl,False,True,30000,-1,0,4807,14224,2,-1,26,361,1346,2692,-1,-1,22.91,-1,-1,-1"
"PATTY-GD-DELTA-MAX-CLAUSES,numeric/ipc-2023/tpp,p28.pddl,False,True,30000,-1,0,3764,10224,1,-1,31,476,1855,1855,-1,-1,14.45,-1,-1,-1"
"PATTY-GD-DELTA-MAX-CLAUSES,numeric/ipc-2023/tpp,p29.pddl,False,True,30000,-1,0,3874,10478,1,-1,31,495,1891,1891,-1,-1,14.29,-1,-1,-1"
"PATTY-GD-DELTA-MAX-CLAUSES,numeric/ipc-2023/tpp,p30.pddl,False,True,30000,-1,0,3942,10634,1,-1,31,507,1913,1913,-1,-1,14.27,-1,-1,-1"
"PATTY-GD-DELTA-MAX-CLAUSES,numeric/ipc-2023/tpp,p33.pddl,False,True,30000,-1,0,5073,13810,1,-1,36,640,2508,2508,-1,-1,16.28,-1,-1,-1"
"PATTY-GD-DELTA-MAX-CLAUSES,numeric/ipc-2023/tpp,p34.pddl,False,True,30000,-1,0,5171,14036,1,-1,36,657,2540,2540,-1,-1,16.18,-1,-1,-1"
"PATTY-GD-DELTA-MAX-CLAUSES,numeric/ipc-2023/tpp,p36.pddl,False,True,30000,-1,0,-1,-1,-1,-1,41,769,3145,-1,-1,-1,-1,-1,-1,-1"
"PATTY-GD-DELTA-MAX-CLAUSES,numeric/ipc-2023/tpp,p37.pddl,False,True,30000,-1,0,-1,-1,-1,-1,41,785,3175,-1,-1,-1,-1,-1,-1,-1"
"PATTY-GD-DELTA-MAX-CLAUSES,numeric/ipc-2023/tpp,p38.pddl,False,True,30000,-1,0,-1,-1,-1,-1,41,804,3211,-1,-1,-1,-1,-1,-1,-1"
"PATTY-GD-DELTA-MAX-CLAUSES,numeric/ipc-2023/tpp,p39.pddl,False,True,30000,-1,0,6572,17920,1,-1,41,828,3257,3257,-1,-1,18.26,-1,-1,-1"
"PATTY-GD-DELTA-MAX-CLAUSES,numeric/ipc-2023/zenotravel,pfile1.pddl,True,False,1030.0,2,9,113,341,2,2,15,3,37,74,1,9,10.47,0,-1,-1"
"PATTY-GD-DELTA-MAX-CLAUSES,numeric/ipc-2023/zenotravel,pfile10.pddl,True,False,7360.0,2,42,965,3337,2,2,79,7,393,786,1,42,23.93,0,-1,-1"
"PATTY-GD-DELTA-MAX-CLAUSES,numeric/ipc-2023/zenotravel,pfile11.pddl,True,False,3190.0,1,20,651,2075,1,1,81,7,471,471,1,20,17.54,0,-1,-1"
"PATTY-GD-DELTA-MAX-CLAUSES,numeric/ipc-2023/zenotravel,pfile12.pddl,True,False,27140.0,2,32,1215,4271,2,2,90,7,507,1014,1,32,30.15,0,-1,-1"
"PATTY-GD-DELTA-MAX-CLAUSES,numeric/ipc-2023/zenotravel,pfile13.pddl,False,True,30000,-1,0,1395,4883,2,-1,108,7,579,1158,-1,-1,30.64,-1,-1,-1"
"PATTY-GD-DELTA-MAX-CLAUSES,numeric/ipc-2023/zenotravel,pfile15.pddl,False,True,30000,-1,0,3903,13655,1,-1,315,11,3245,3245,-1,-1,51.66,-1,-1,-1"
"PATTY-GD-DELTA-MAX-CLAUSES,numeric/ipc-2023/zenotravel,pfile16.pddl,False,True,30000,-1,0,4803,17015,1,-1,355,11,4065,4065,-1,-1,74.12,-1,-1,-1"
"PATTY-GD-DELTA-MAX-CLAUSES,numeric/ipc-2023/zenotravel,pfile17.pddl,False,True,30000,-1,0,-1,-1,-1,-1,500,11,5765,-1,-1,-1,-1,-1,-1,-1"
"PATTY-GD-DELTA-MAX-CLAUSES,numeric/ipc-2023/zenotravel,pfile18.pddl,False,True,30000,-1,0,-1,-1,-1,-1,550,11,6845,-1,-1,-1,-1,-1,-1,-1"
"PATTY-GD-DELTA-MAX-CLAUSES,numeric/ipc-2023/zenotravel,pfile19.pddl,False,True,30000,-1,0,-1,-1,-1,-1,725,11,9005,-1,-1,-1,-1,-1,-1,-1"
"PATTY-GD-DELTA-MAX-CLAUSES,numeric/ipc-2023/zenotravel,pfile2.pddl,True,False,1090.0,2,7,113,341,2,2,15,3,37,74,1,7,10.86,0,-1,-1"
"PATTY-GD-DELTA-MAX-CLAUSES,numeric/ipc-2023/zenotravel,pfile20.pddl,False,True,30000,-1,0,-1,-1,-1,-1,785,11,10345,-1,-1,-1,-1,-1,-1,-1"
"PATTY-GD-DELTA-MAX-CLAUSES,numeric/ipc-2023/zenotravel,pfile21.pddl,False,False,28290.0,-1,0,-1,-1,-1,-1,1025,11,13755,-1,-1,-1,-1,-1,-1,-1"
"PATTY-GD-DELTA-MAX-CLAUSES,numeric/ipc-2023/zenotravel,pfile22.pddl,False,True,30000,-1,0,-1,-1,-1,-1,1375,11,19505,-1,-1,-1,-1,-1,-1,-1"
"PATTY-GD-DELTA-MAX-CLAUSES,numeric/ipc-2023/zenotravel,pfile23.pddl,False,True,30000,-1,0,-1,-1,-1,-1,1775,1256,26255,-1,-1,-1,-1,-1,-1,-1"
"PATTY-GD-DELTA-MAX-CLAUSES,numeric/ipc-2023/zenotravel,pfile3.pddl,True,False,1060.0,1,11,151,417,1,1,26,5,86,86,1,11,6.91,0,-1,-1"
"PATTY-GD-DELTA-MAX-CLAUSES,numeric/ipc-2023/zenotravel,pfile4.pddl,True,False,1090.0,2,13,273,871,2,2,31,5,98,196,1,13,11.74,0,-1,-1"
"PATTY-GD-DELTA-MAX-CLAUSES,numeric/ipc-2023/zenotravel,pfile5.pddl,True,False,1370.0,1,14,207,605,1,1,32,5,130,130,1,14,9.63,0,-1,-1"
"PATTY-GD-DELTA-MAX-CLAUSES,numeric/ipc-2023/zenotravel,pfile6.pddl,True,False,1490.0,2,20,383,1269,2,2,38,5,146,292,1,20,16.6,0,-1,-1"
"PATTY-GD-DELTA-MAX-CLAUSES,numeric/ipc-2023/zenotravel,pfile8.pddl,True,False,1690.0,1,19,477,1487,1,1,63,7,333,333,1,19,13.97,0,-1,-1"
"PATTY-GD-DELTA-MAX-CLAUSES,numeric/line-exchange,3_10_50_10.pddl,True,False,1470.0,5,91,127,358,5,5,5,8,16,80,10,35,5.93,20,-1,-1"
"PATTY-GD-DELTA-MAX-CLAUSES,numeric/line-exchange,3_10_90_50.pddl,True,False,1100.0,3,181,87,230,3,3,5,8,16,48,28,21,4.29,12,-1,-1"
"PATTY-GD-DELTA-MAX-CLAUSES,numeric/line-exchange,3_15_25_100.pddl,False,True,30000,-1,0,47,102,355,-1,5,8,16,16,-1,-1,2.61,-1,-1,-1"
"PATTY-GD-DELTA-MAX-CLAUSES,numeric/line-exchange,3_15_90_10.pddl,True,False,1550.0,5,126,127,358,5,5,5,8,16,80,20,31,5.93,20,-1,-1"
"PATTY-GD-DELTA-MAX-CLAUSES,numeric/line-exchange,3_5_50_50.pddl,True,False,1450.0,5,294,127,358,5,5,5,8,16,80,50,38,5.93,18,-1,-1"
"PATTY-GD-DELTA-MAX-CLAUSES,numeric/line-exchange,3_5_90_100.pddl,True,False,1110.0,5,449,127,358,5,5,5,8,16,80,100,33,5.93,20,-1,-1"
"PATTY-GD-DELTA-MAX-CLAUSES,numeric/line-exchange,4_10_25_10.pddl,False,True,30000,-1,0,66,145,277,-1,7,11,23,23,-1,-1,2.63,-1,-1,-1"
"PATTY-GD-DELTA-MAX-CLAUSES,numeric/line-exchange,4_10_50_50.pddl,False,True,30000,-1,0,66,145,218,-1,7,11,23,23,-1,-1,2.63,-1,-1,-1"
"PATTY-GD-DELTA-MAX-CLAUSES,numeric/line-exchange,4_10_90_100.pddl,True,False,1140.0,3,445,124,331,3,3,7,11,23,69,53,26,4.36,14,-1,-1"
"PATTY-GD-DELTA-MAX-CLAUSES,numeric/line-exchange,4_15_50_10.pddl,True,False,3470.0,5,128,182,517,5,5,7,11,23,115,10,45,6.05,25,-1,-1"
"PATTY-GD-DELTA-MAX-CLAUSES,numeric/line-exchange,4_15_90_50.pddl,False,True,30000,-1,0,66,145,200,-1,7,11,23,23,-1,-1,2.63,-1,-1,-1"
"PATTY-GD-DELTA-MAX-CLAUSES,numeric/line-exchange,4_5_25_50.pddl,True,False,900.0,3,277,124,331,3,3,7,11,23,69,50,27,4.36,12,-1,-1"
"PATTY-GD-DELTA-MAX-CLAUSES,numeric/line-exchange,4_5_50_100.pddl,False,True,30000,-1,0,66,145,232,-1,7,11,23,23,-1,-1,2.63,-1,-1,-1"
"PATTY-GD-DELTA-MAX-CLAUSES,numeric/line-exchange,5_10_25_50.pddl,True,False,4610.0,5,609,237,676,5,5,9,14,30,150,50,60,6.12,28,-1,-1"
"PATTY-GD-DELTA-MAX-CLAUSES,numeric/line-exchange,5_10_50_100.pddl,False,True,30000,-1,0,85,188,205,-1,9,14,30,30,-1,-1,2.65,-1,-1,-1"
"PATTY-GD-DELTA-MAX-CLAUSES,numeric/line-exchange,5_15_25_10.pddl,True,False,3920.0,8,260,237,676,8,8,9,14,30,150,10,87,6.12,46,-1,-1"
"PATTY-GD-DELTA-MAX-CLAUSES,numeric/line-exchange,5_15_50_50.pddl,True,False,5260.0,5,509,237,676,5,5,9,14,30,150,50,50,6.12,26,-1,-1"
"PATTY-GD-DELTA-MAX-CLAUSES,numeric/line-exchange,5_15_90_100.pddl,False,True,30000,-1,0,85,188,143,-1,9,14,30,30,-1,-1,2.65,-1,-1,-1"
"PATTY-GD-DELTA-MAX-CLAUSES,numeric/line-exchange,5_5_25_100.pddl,True,False,3620.0,6,1417,161,432,6,6,9,14,30,90,99,75,4.4,42,-1,-1"
"PATTY-GD-DELTA-MAX-CLAUSES,numeric/line-exchange,5_5_90_10.pddl,True,False,6440.0,8,265,237,676,8,8,9,14,30,150,10,91,6.12,45,-1,-1"
"PATTY-GD-DELTA-PLUS-CLAUSES,numeric/ipc-2023/block-grouping,instance_100_20_5_1.pddl,False,True,30000,-1,0,161,402,1,-1,0,40,80,80,-1,-1,2.49,-1,-1,-1"
"PATTY-GD-DELTA-PLUS-CLAUSES,numeric/ipc-2023/block-grouping,instance_100_25_6_2.pddl,False,True,30000,-1,0,201,502,1,-1,0,50,100,100,-1,-1,2.49,-1,-1,-1"
"PATTY-GD-DELTA-PLUS-CLAUSES,numeric/ipc-2023/block-grouping,instance_11_10_2_3.pddl,True,False,25470.0,1,145,81,202,1,1,0,20,40,40,10,33,2.48,25,-1,-1"
"PATTY-GD-DELTA-PLUS-CLAUSES,numeric/ipc-2023/block-grouping,instance_11_30_7_2.pddl,False,True,30000,-1,0,241,602,1,-1,0,60,120,120,-1,-1,2.49,-1,-1,-1"
"PATTY-GD-DELTA-PLUS-CLAUSES,numeric/ipc-2023/block-grouping,instance_11_35_8_3.pddl,False,True,30000,-1,0,281,702,1,-1,0,70,140,140,-1,-1,2.49,-1,-1,-1"
"PATTY-GD-DELTA-PLUS-CLAUSES,numeric/ipc-2023/block-grouping,instance_11_40_10_1.pddl,False,True,30000,-1,0,321,802,1,-1,0,80,160,160,-1,-1,2.5,-1,-1,-1"
"PATTY-GD-DELTA-PLUS-CLAUSES,numeric/ipc-2023/block-grouping,instance_15_10_2_3.pddl,True,False,14530.0,1,198,81,202,1,1,0,20,40,40,14,34,2.48,25,-1,-1"
"PATTY-GD-DELTA-PLUS-CLAUSES,numeric/ipc-2023/block-grouping,instance_15_25_6_3.pddl,False,True,30000,-1,0,201,502,1,-1,0,50,100,100,-1,-1,2.49,-1,-1,-1"
"PATTY-GD-DELTA-PLUS-CLAUSES,numeric/ipc-2023/block-grouping,instance_20_10_2_1.pddl,True,False,28110.0,1,214,81,202,1,1,0,20,40,40,17,35,2.48,29,-1,-1"
"PATTY-GD-DELTA-PLUS-CLAUSES,numeric/ipc-2023/block-grouping,instance_20_10_2_3.pddl,False,True,30000,-1,0,81,202,1,-1,0,20,40,40,-1,-1,2.48,-1,-1,-1"
"PATTY-GD-DELTA-PLUS-CLAUSES,numeric/ipc-2023/block-grouping,instance_20_15_3_2.pddl,False,True,30000,-1,0,121,302,1,-1,0,30,60,60,-1,-1,2.49,-1,-1,-1"
"PATTY-GD-DELTA-PLUS-CLAUSES,numeric/ipc-2023/block-grouping,instance_20_30_7_2.pddl,False,True,30000,-1,0,241,602,1,-1,0,60,120,120,-1,-1,2.49,-1,-1,-1"
"PATTY-GD-DELTA-PLUS-CLAUSES,numeric/ipc-2023/block-grouping,instance_20_40_10_2.pddl,False,True,30000,-1,0,321,802,1,-1,0,80,160,160,-1,-1,2.5,-1,-1,-1"
"PATTY-GD-DELTA-PLUS-CLAUSES,numeric/ipc-2023/block-grouping,instance_20_5_2_1.pddl,True,False,820.0,1,74,41,102,1,1,0,10,20,20,17,18,2.46,18,-1,-1"
"PATTY-GD-DELTA-PLUS-CLAUSES,numeric/ipc-2023/block-grouping,instance_20_5_2_2.pddl,True,False,1030.0,1,69,41,102,1,1,0,10,20,20,11,15,2.46,11,-1,-1"
"PATTY-GD-DELTA-PLUS-CLAUSES,numeric/ipc-2023/block-grouping,instance_25_15_3_1.pddl,False,True,30000,-1,0,121,302,1,-1,0,30,60,60,-1,-1,2.49,-1,-1,-1"
"PATTY-GD-DELTA-PLUS-CLAUSES,numeric/ipc-2023/block-grouping,instance_25_35_8_1.pddl,False,True,30000,-1,0,281,702,1,-1,0,70,140,140,-1,-1,2.49,-1,-1,-1"
"PATTY-GD-DELTA-PLUS-CLAUSES,numeric/ipc-2023/block-grouping,instance_25_40_10_3.pddl,False,True,30000,-1,0,321,802,1,-1,0,80,160,160,-1,-1,2.5,-1,-1,-1"
"PATTY-GD-DELTA-PLUS-CLAUSES,numeric/ipc-2023/block-grouping,instance_5_25_6_1.pddl,False,True,30000,-1,0,201,502,1,-1,0,50,100,100,-1,-1,2.49,-1,-1,-1"
"PATTY-GD-DELTA-PLUS-CLAUSES,numeric/ipc-2023/block-grouping,instance_7_10_2_1.pddl,False,True,30000,-1,0,81,202,1,-1,0,20,40,40,-1,-1,2.48,-1,-1,-1"
"PATTY-GD-DELTA-PLUS-CLAUSES,numeric/ipc-2023/counters,fz_instance_12.pddl,True,False,1090.0,1,252,49,122,1,1,0,12,24,24,24,24,2.47,14,-1,-1"
"PATTY-GD-DELTA-PLUS-CLAUSES,numeric/ipc-2023/counters,fz_instance_4.pddl,True,False,800.0,1,36,17,42,1,1,0,4,8,8,8,7,2.4,6,-1,-1"
"PATTY-GD-DELTA-PLUS-CLAUSES,numeric/ipc-2023/counters,fz_instance_40.pddl,False,True,30000,-1,0,161,402,1,-1,0,40,80,80,-1,-1,2.49,-1,-1,-1"
"PATTY-GD-DELTA-PLUS-CLAUSES,numeric/ipc-2023/counters,inv_instance_12.pddl,True,False,1160.0,1,160,49,122,1,1,0,12,24,24,24,23,2.47,19,-1,-1"
"PATTY-GD-DELTA-PLUS-CLAUSES,numeric/ipc-2023/counters,inv_instance_16.pddl,True,False,2660.0,1,250,65,162,1,1,0,16,32,32,30,31,2.48,21,-1,-1"
"PATTY-GD-DELTA-PLUS-CLAUSES,numeric/ipc-2023/counters,inv_instance_36.pddl,False,True,30000,-1,0,145,362,1,-1,0,36,72,72,-1,-1,2.49,-1,-1,-1"
"PATTY-GD-DELTA-PLUS-CLAUSES,numeric/ipc-2023/counters,inv_instance_4.pddl,True,False,650.0,1,20,17,42,1,1,0,4,8,8,6,7,2.4,5,-1,-1"
"PATTY-GD-DELTA-PLUS-CLAUSES,numeric/ipc-2023/counters,rnd_instance_12_3.pddl,True,False,1020.0,1,122,49,122,1,1,0,12,24,24,15,21,2.47,14,-1,-1"
"PATTY-GD-DELTA-PLUS-CLAUSES,numeric/ipc-2023/counters,rnd_instance_20_1.pddl,True,False,2710.0,1,343,81,202,1,1,0,20,40,40,38,39,2.48,24,-1,-1"
"PATTY-GD-DELTA-PLUS-CLAUSES,numeric/ipc-2023/counters,rnd_instance_24_1.pddl,True,False,2910.0,1,347,97,242,1,1,0,24,48,48,37,48,2.48,31,-1,-1"
"PATTY-GD-DELTA-PLUS-CLAUSES,numeric/ipc-2023/counters,rnd_instance_28_1.pddl,True,False,5420.0,1,433,113,282,1,1,0,28,56,56,45,56,2.49,41,-1,-1"
"PATTY-GD-DELTA-PLUS-CLAUSES,numeric/ipc-2023/counters,rnd_instance_32_1.pddl,True,False,5960.0,1,737,129,322,1,1,0,32,64,64,53,64,2.49,42,-1,-1"
"PATTY-GD-DELTA-PLUS-CLAUSES,numeric/ipc-2023/counters,rnd_instance_32_2.pddl,True,False,6570.0,1,801,129,322,1,1,0,32,64,64,60,62,2.49,56,-1,-1"
"PATTY-GD-DELTA-PLUS-CLAUSES,numeric/ipc-2023/counters,rnd_instance_36_2.pddl,True,False,9760.0,1,853,145,362,1,1,0,36,72,72,68,70,2.49,41,-1,-1"
"PATTY-GD-DELTA-PLUS-CLAUSES,numeric/ipc-2023/counters,rnd_instance_40_1.pddl,True,False,10550.0,1,991,161,402,1,1,0,40,80,80,64,80,2.49,66,-1,-1"
"PATTY-GD-DELTA-PLUS-CLAUSES,numeric/ipc-2023/counters,rnd_instance_40_2.pddl,True,False,20230.0,1,1314,161,402,1,1,0,40,80,80,75,78,2.49,72,-1,-1"
"PATTY-GD-DELTA-PLUS-CLAUSES,numeric/ipc-2023/counters,rnd_instance_40_3.pddl,True,False,11590.0,1,937,161,402,1,1,0,40,80,80,52,80,2.49,60,-1,-1"
"PATTY-GD-DELTA-PLUS-CLAUSES,numeric/ipc-2023/counters,rnd_instance_4_1.pddl,True,False,850.0,1,20,17,42,1,1,0,4,8,8,7,7,2.4,5,-1,-1"
"PATTY-GD-DELTA-PLUS-CLAUSES,numeric/ipc-2023/counters,rnd_instance_8_2.pddl,True,False,1040.0,1,68,33,82,1,1,0,8,16,16,14,15,2.45,12,-1,-1"
"PATTY-GD-DELTA-PLUS-CLAUSES,numeric/ipc-2023/counters,rnd_instance_8_3.pddl,True,False,860.0,1,47,33,82,1,1,0,8,16,16,13,11,2.45,9,-1,-1"
"PATTY-GD-DELTA-PLUS-CLAUSES,numeric/ipc-2023/delivery,prob01.pddl,True,False,2250.0,2,18,371,1191,2,2,46,3,136,272,1,18,18.45,0,-1,-1"
"PATTY-GD-DELTA-PLUS-CLAUSES,numeric/ipc-2023/delivery,prob02.pddl,True,False,3850.0,4,30,535,1739,4,4,64,3,200,400,1,30,25.31,0,-1,-1"
"PATTY-GD-DELTA-PLUS-CLAUSES,numeric/ipc-2023/delivery,prob03.pddl,True,False,7470.0,4,40,699,2287,4,4,82,3,264,528,1,40,31.54,0,-1,-1"
"PATTY-GD-DELTA-PLUS-CLAUSES,numeric/ipc-2023/delivery,prob04.pddl,False,True,30000,6,54,1255,4211,6,6,132,3,492,984,1,54,53.91,0,-1,-1"
"PATTY-GD-DELTA-PLUS-CLAUSES,numeric/ipc-2023/delivery,prob05.pddl,True,False,15510.0,6,70,1027,3383,6,6,118,3,392,784,1,70,44.12,0,-1,-1"
"PATTY-GD-DELTA-PLUS-CLAUSES,numeric/ipc-2023/delivery,prob06.pddl,False,True,30000,-1,0,1463,4923,6,-1,152,3,576,1152,-1,-1,66.8,-1,-1,-1"
"PATTY-GD-DELTA-PLUS-CLAUSES,numeric/ipc-2023/delivery,prob07.pddl,False,True,30000,-1,0,1007,2979,3,-1,172,3,656,656,-1,-1,41.83,-1,-1,-1"
"PATTY-GD-DELTA-PLUS-CLAUSES,numeric/ipc-2023/delivery,prob08.pddl,False,True,30000,-1,0,1863,6283,4,-1,192,3,736,1472,-1,-1,85.38,-1,-1,-1"
"PATTY-GD-DELTA-PLUS-CLAUSES,numeric/ipc-2023/delivery,prob09.pddl,False,True,30000,-1,0,2435,8319,2,-1,234,3,980,1960,-1,-1,113.47,-1,-1,-1"
"PATTY-GD-DELTA-PLUS-CLAUSES,numeric/ipc-2023/delivery,prob10.pddl,False,True,30000,-1,0,2281,7128,1,-1,329,4,1614,1614,-1,-1,67.7,-1,-1,-1"
"PATTY-GD-DELTA-PLUS-CLAUSES,numeric/ipc-2023/delivery,prob11.pddl,False,True,30000,-1,0,1707,5172,1,-1,274,2,1154,1154,-1,-1,73.45,-1,-1,-1"
"PATTY-GD-DELTA-PLUS-CLAUSES,numeric/ipc-2023/delivery,prob12.pddl,False,True,30000,-1,0,2666,8332,1,-1,385,4,1887,1887,-1,-1,76.46,-1,-1,-1"
"PATTY-GD-DELTA-PLUS-CLAUSES,numeric/ipc-2023/delivery,prob13.pddl,False,True,30000,-1,0,2866,8964,1,-1,413,4,2031,2031,-1,-1,81.87,-1,-1,-1"
"PATTY-GD-DELTA-PLUS-CLAUSES,numeric/ipc-2023/delivery,prob14.pddl,False,True,30000,-1,0,3498,11126,1,-1,474,4,2541,2541,-1,-1,114.26,-1,-1,-1"
"PATTY-GD-DELTA-PLUS-CLAUSES,numeric/ipc-2023/delivery,prob15.pddl,False,True,30000,-1,0,3726,11858,1,-1,504,4,2709,2709,-1,-1,119.58,-1,-1,-1"
"PATTY-GD-DELTA-PLUS-CLAUSES,numeric/ipc-2023/delivery,prob16.pddl,False,True,30000,-1,0,-1,-1,-1,-1,639,4,4305,-1,-1,-1,-1,-1,-1,-1"
"PATTY-GD-DELTA-PLUS-CLAUSES,numeric/ipc-2023/delivery,prob17.pddl,False,True,30000,-1,0,-1,-1,-1,-1,675,4,4557,-1,-1,-1,-1,-1,-1,-1"
"PATTY-GD-DELTA-PLUS-CLAUSES,numeric/ipc-2023/delivery,prob18.pddl,False,True,30000,-1,0,-1,-1,-1,-1,711,4,4809,-1,-1,-1,-1,-1,-1,-1"
"PATTY-GD-DELTA-PLUS-CLAUSES,numeric/ipc-2023/delivery,prob19.pddl,False,True,30000,-1,0,-1,-1,-1,-1,747,4,5061,-1,-1,-1,-1,-1,-1,-1"
"PATTY-GD-DELTA-PLUS-CLAUSES,numeric/ipc-2023/delivery,prob20.pddl,False,True,30000,-1,0,-1,-1,-1,-1,783,4,5313,-1,-1,-1,-1,-1,-1,-1"
"PATTY-GD-DELTA-PLUS-CLAUSES,numeric/ipc-2023/drone,problem_10_10_3.pddl,False,True,30000,-1,0,917,1542,1,-1,300,4,307,307,-1,-1,64.48,-1,-1,-1"
"PATTY-GD-DELTA-PLUS-CLAUSES,numeric/ipc-2023/drone,problem_1_1_2.pddl,True,False,1070.0,3,19,33,82,3,3,2,4,9,18,9,10,5.26,2,-1,-1"
"PATTY-GD-DELTA-PLUS-CLAUSES,numeric/ipc-2023/drone,problem_1_1_4.pddl,True,False,1210.0,8,53,53,134,8,8,4,4,11,33,13,29,7.81,8,-1,-1"
"PATTY-GD-DELTA-PLUS-CLAUSES,numeric/ipc-2023/drone,problem_1_8_1.pddl,False,True,30000,-1,0,665,1954,43,-1,8,4,15,600,-1,-1,62.73,-1,-1,-1"
"PATTY-GD-DELTA-PLUS-CLAUSES,numeric/ipc-2023/drone,problem_1_9_3.pddl,False,True,30000,-1,0,973,2802,29,-1,27,4,34,884,-1,-1,59.12,-1,-1,-1"
"PATTY-GD-DELTA-PLUS-CLAUSES,numeric/ipc-2023/drone,problem_2_5_4.pddl,False,True,30000,-1,0,1049,2978,23,-1,40,4,47,940,-1,-1,54.62,-1,-1,-1"
"PATTY-GD-DELTA-PLUS-CLAUSES,numeric/ipc-2023/drone,problem_2_8_3.pddl,False,True,30000,-1,0,1281,3642,26,-1,48,4,55,1155,-1,-1,59.71,-1,-1,-1"
"PATTY-GD-DELTA-PLUS-CLAUSES,numeric/ipc-2023/drone,problem_2_9_1.pddl,False,True,30000,-1,0,851,2472,34,-1,18,4,25,775,-1,-1,61.55,-1,-1,-1"
"PATTY-GD-DELTA-PLUS-CLAUSES,numeric/ipc-2023/drone,problem_3_3_4.pddl,False,True,30000,-1,0,1181,3390,28,-1,36,4,43,1075,-1,-1,61.9,-1,-1,-1"
"PATTY-GD-DELTA-PLUS-CLAUSES,numeric/ipc-2023/drone,problem_4_2_5.pddl,False,True,30000,-1,0,1097,3122,24,-1,40,4,47,987,-1,-1,56.44,-1,-1,-1"
"PATTY-GD-DELTA-PLUS-CLAUSES,numeric/ipc-2023/drone,problem_4_9_5.pddl,False,True,30000,-1,0,745,1506,3,-1,180,4,187,374,-1,-1,51.46,-1,-1,-1"
"PATTY-GD-DELTA-PLUS-CLAUSES,numeric/ipc-2023/drone,problem_5_10_1.pddl,False,True,30000,-1,0,1153,3250,21,-1,50,4,57,1026,-1,-1,54.89,-1,-1,-1"
"PATTY-GD-DELTA-PLUS-CLAUSES,numeric/ipc-2023/drone,problem_5_2_2.pddl,False,True,30000,-1,0,889,2578,33,-1,20,4,27,810,-1,-1,61.46,-1,-1,-1"
"PATTY-GD-DELTA-PLUS-CLAUSES,numeric/ipc-2023/drone,problem_6_8_1.pddl,False,True,30000,-1,0,1169,3306,22,-1,48,4,55,1045,-1,-1,55.99,-1,-1,-1"
"PATTY-GD-DELTA-PLUS-CLAUSES,numeric/ipc-2023/drone,problem_7_6_4.pddl,False,True,30000,-1,0,697,1410,3,-1,168,4,175,350,-1,-1,48.46,-1,-1,-1"
"PATTY-GD-DELTA-PLUS-CLAUSES,numeric/ipc-2023/drone,problem_8_1_2.pddl,False,True,30000,-1,0,929,2714,40,-1,16,4,23,851,-1,-1,69.37,-1,-1,-1"
"PATTY-GD-DELTA-PLUS-CLAUSES,numeric/ipc-2023/drone,problem_8_1_4.pddl,False,True,30000,-1,0,1153,3322,30,-1,32,4,39,1053,-1,-1,63.52,-1,-1,-1"
"PATTY-GD-DELTA-PLUS-CLAUSES,numeric/ipc-2023/drone,problem_8_1_5.pddl,False,True,30000,-1,0,1097,3122,24,-1,40,4,47,987,-1,-1,56.44,-1,-1,-1"
"PATTY-GD-DELTA-PLUS-CLAUSES,numeric/ipc-2023/drone,problem_8_7_1.pddl,False,True,30000,-1,0,1209,3394,20,-1,56,4,63,1071,-1,-1,55.25,-1,-1,-1"
"PATTY-GD-DELTA-PLUS-CLAUSES,numeric/ipc-2023/drone,problem_9_7_3.pddl,False,True,30000,-1,0,781,1578,3,-1,189,4,196,392,-1,-1,53.72,-1,-1,-1"
"PATTY-GD-DELTA-PLUS-CLAUSES,numeric/ipc-2023/expedition,pfile1.pddl,True,False,5890.0,6,50,605,1916,6,6,24,14,88,528,4,28,76.35,10,-1,-1"
"PATTY-GD-DELTA-PLUS-CLAUSES,numeric/ipc-2023/expedition,pfile10.pddl,False,True,30000,-1,0,1685,5468,7,-1,56,30,216,1512,-1,-1,212.74,-1,-1,-1"
"PATTY-GD-DELTA-PLUS-CLAUSES,numeric/ipc-2023/expedition,pfile11.pddl,True,False,4880.0,9,46,305,962,9,9,12,8,44,264,4,27,39.84,10,-1,-1"
"PATTY-GD-DELTA-PLUS-CLAUSES,numeric/ipc-2023/expedition,pfile12.pddl,False,True,30000,-1,0,791,2537,6,-1,30,17,116,696,-1,-1,99.07,-1,-1,-1"
"PATTY-GD-DELTA-PLUS-CLAUSES,numeric/ipc-2023/expedition,pfile13.pddl,False,True,30000,-1,0,931,3117,20,-1,14,9,52,884,-1,-1,130.63,-1,-1,-1"
"PATTY-GD-DELTA-PLUS-CLAUSES,numeric/ipc-2023/expedition,pfile14.pddl,False,True,30000,-1,0,413,1312,6,-1,16,10,60,360,-1,-1,53.03,-1,-1,-1"
"PATTY-GD-DELTA-PLUS-CLAUSES,numeric/ipc-2023/expedition,pfile15.pddl,False,True,30000,-1,0,467,1487,6,-1,18,11,68,408,-1,-1,59.6,-1,-1,-1"
"PATTY-GD-DELTA-PLUS-CLAUSES,numeric/ipc-2023/expedition,pfile16.pddl,False,True,30000,-1,0,521,1662,6,-1,20,12,76,456,-1,-1,66.18,-1,-1,-1"
"PATTY-GD-DELTA-PLUS-CLAUSES,numeric/ipc-2023/expedition,pfile17.pddl,False,True,30000,-1,0,575,1837,6,-1,22,13,84,504,-1,-1,72.75,-1,-1,-1"
"PATTY-GD-DELTA-PLUS-CLAUSES,numeric/ipc-2023/expedition,pfile18.pddl,False,True,30000,-1,0,629,2012,6,-1,24,14,92,552,-1,-1,79.33,-1,-1,-1"
"PATTY-GD-DELTA-PLUS-CLAUSES,numeric/ipc-2023/expedition,pfile19.pddl,False,True,30000,-1,0,683,2187,6,-1,26,15,100,600,-1,-1,85.91,-1,-1,-1"
"PATTY-GD-DELTA-PLUS-CLAUSES,numeric/ipc-2023/expedition,pfile2.pddl,False,True,30000,-1,0,1577,5066,6,-1,60,32,232,1392,-1,-1,194.77,-1,-1,-1"
"PATTY-GD-DELTA-PLUS-CLAUSES,numeric/ipc-2023/expedition,pfile20.pddl,False,True,30000,-1,0,737,2362,6,-1,28,16,108,648,-1,-1,92.49,-1,-1,-1"
"PATTY-GD-DELTA-PLUS-CLAUSES,numeric/ipc-2023/expedition,pfile3.pddl,False,True,30000,-1,0,1025,3346,9,-1,28,16,104,936,-1,-1,134.99,-1,-1,-1"
"PATTY-GD-DELTA-PLUS-CLAUSES,numeric/ipc-2023/expedition,pfile4.pddl,False,True,30000,-1,0,1061,3448,8,-1,32,18,120,960,-1,-1,137.54,-1,-1,-1"
"PATTY-GD-DELTA-PLUS-CLAUSES,numeric/ipc-2023/expedition,pfile5.pddl,False,True,30000,-1,0,1201,3910,8,-1,36,20,136,1088,-1,-1,155.25,-1,-1,-1"
"PATTY-GD-DELTA-PLUS-CLAUSES,numeric/ipc-2023/expedition,pfile6.pddl,False,True,30000,-1,0,1341,4372,8,-1,40,22,152,1216,-1,-1,172.97,-1,-1,-1"
"PATTY-GD-DELTA-PLUS-CLAUSES,numeric/ipc-2023/expedition,pfile7.pddl,False,True,30000,-1,0,1313,4250,7,-1,44,24,168,1176,-1,-1,166.41,-1,-1,-1"
"PATTY-GD-DELTA-PLUS-CLAUSES,numeric/ipc-2023/expedition,pfile8.pddl,False,True,30000,-1,0,1621,5296,8,-1,48,26,184,1472,-1,-1,208.42,-1,-1,-1"
"PATTY-GD-DELTA-PLUS-CLAUSES,numeric/ipc-2023/expedition,pfile9.pddl,False,True,30000,-1,0,1561,5062,7,-1,52,28,200,1400,-1,-1,197.29,-1,-1,-1"
"PATTY-GD-DELTA-PLUS-CLAUSES,numeric/ipc-2023/ext-plant-watering,instance_10_11_2_1.pddl,True,False,6130.0,14,521,121,309,14,14,0,20,40,80,9,174,12.02,142,-1,-1"
"PATTY-GD-DELTA-PLUS-CLAUSES,numeric/ipc-2023/ext-plant-watering,instance_10_17_2_1.pddl,True,False,27430.0,28,978,157,399,28,28,0,26,52,104,9,343,15.23,259,-1,-1"
"PATTY-GD-DELTA-PLUS-CLAUSES,numeric/ipc-2023/ext-plant-watering,instance_10_5_2_1.pddl,True,False,2420.0,8,260,85,219,8,8,0,14,28,56,8,100,8.79,77,-1,-1"
"PATTY-GD-DELTA-PLUS-CLAUSES,numeric/ipc-2023/ext-plant-watering,instance_10_7_2_1.pddl,True,False,3850.0,15,638,65,153,15,15,0,16,32,32,9,196,5.87,173,-1,-1"
"PATTY-GD-DELTA-PLUS-CLAUSES,numeric/ipc-2023/ext-plant-watering,instance_11_17_2_1.pddl,True,False,15900.0,22,940,157,399,22,22,0,26,52,104,10,322,15.23,261,-1,-1"
"PATTY-GD-DELTA-PLUS-CLAUSES,numeric/ipc-2023/ext-plant-watering,instance_11_5_2_1.pddl,True,False,1590.0,8,258,85,219,8,8,0,14,28,56,8,78,8.79,65,-1,-1"
"PATTY-GD-DELTA-PLUS-CLAUSES,numeric/ipc-2023/ext-plant-watering,instance_12_15_2_1.pddl,True,False,13970.0,19,820,145,369,19,19,0,24,48,96,10,271,14.1,235,-1,-1"
"PATTY-GD-DELTA-PLUS-CLAUSES,numeric/ipc-2023/ext-plant-watering,instance_12_17_2_1.pddl,True,False,15530.0,25,1030,157,399,25,25,0,26,52,104,11,372,15.17,299,-1,-1"
"PATTY-GD-DELTA-PLUS-CLAUSES,numeric/ipc-2023/ext-plant-watering,instance_12_19_2_1.pddl,True,False,27660.0,27,1324,169,429,27,27,0,28,56,112,11,380,16.25,333,-1,-1"
"PATTY-GD-DELTA-PLUS-CLAUSES,numeric/ipc-2023/ext-plant-watering,instance_12_7_2_1.pddl,True,False,2520.0,8,451,65,153,8,8,0,16,32,32,11,120,5.83,109,-1,-1"
"PATTY-GD-DELTA-PLUS-CLAUSES,numeric/ipc-2023/ext-plant-watering,instance_13_13_2_1.pddl,True,False,10210.0,18,930,133,339,18,18,0,22,44,88,12,278,13.09,244,-1,-1"
"PATTY-GD-DELTA-PLUS-CLAUSES,numeric/ipc-2023/ext-plant-watering,instance_13_15_2_1.pddl,True,False,12910.0,22,1208,145,369,22,22,0,24,48,96,12,340,14.16,304,-1,-1"
"PATTY-GD-DELTA-PLUS-CLAUSES,numeric/ipc-2023/ext-plant-watering,instance_13_9_2_1.pddl,True,False,4710.0,13,566,109,279,13,13,0,18,36,72,12,180,10.95,137,-1,-1"
"PATTY-GD-DELTA-PLUS-CLAUSES,numeric/ipc-2023/ext-plant-watering,instance_14_13_2_1.pddl,True,False,11590.0,21,994,133,339,21,21,0,22,44,88,13,293,13.09,252,-1,-1"
"PATTY-GD-DELTA-PLUS-CLAUSES,numeric/ipc-2023/ext-plant-watering,instance_14_17_2_1.pddl,True,False,13990.0,23,1230,157,399,23,23,0,26,52,104,13,341,15.23,300,-1,-1"
"PATTY-GD-DELTA-PLUS-CLAUSES,numeric/ipc-2023/ext-plant-watering,instance_14_19_2_1.pddl,True,False,23410.0,29,1331,169,429,29,29,0,28,56,112,13,409,16.3,327,-1,-1"
"PATTY-GD-DELTA-PLUS-CLAUSES,numeric/ipc-2023/ext-plant-watering,instance_15_15_2_1.pddl,True,False,18950.0,23,994,145,369,23,23,0,24,48,96,14,246,14.16,216,-1,-1"
"PATTY-GD-DELTA-PLUS-CLAUSES,numeric/ipc-2023/ext-plant-watering,instance_15_17_2_1.pddl,True,False,22360.0,25,1299,105,243,25,25,0,26,52,52,14,371,8.44,338,-1,-1"
"PATTY-GD-DELTA-PLUS-CLAUSES,numeric/ipc-2023/ext-plant-watering,instance_15_19_2_1.pddl,True,False,28820.0,27,964,169,429,27,27,0,28,56,112,14,233,16.3,189,-1,-1"
"PATTY-GD-DELTA-PLUS-CLAUSES,numeric/ipc-2023/ext-plant-watering,instance_15_7_2_1.pddl,True,False,2290.0,11,494,97,249,11,11,0,16,32,64,14,159,9.87,132,-1,-1"
"PATTY-GD-DELTA-PLUS-CLAUSES,numeric/ipc-2023/farmland,instance_10_500_1229.pddl,True,False,4980.0,1,1125,75,191,1,1,0,11,52,52,346,44,5.54,39,-1,-1"
"PATTY-GD-DELTA-PLUS-CLAUSES,numeric/ipc-2023/farmland,instance_10_700_1229.pddl,True,False,1330.0,1,1509,75,191,1,1,0,11,52,52,677,35,5.54,34,-1,-1"
"PATTY-GD-DELTA-PLUS-CLAUSES,numeric/ipc-2023/farmland,instance_2_300_1229.pddl,True,False,860.0,1,197,11,23,1,1,0,3,4,4,190,4,2.91,4,-1,-1"
"PATTY-GD-DELTA-PLUS-CLAUSES,numeric/ipc-2023/farmland,instance_2_600_1229.pddl,True,False,970.0,1,419,11,23,1,1,0,3,4,4,400,4,2.91,4,-1,-1"
"PATTY-GD-DELTA-PLUS-CLAUSES,numeric/ipc-2023/farmland,instance_2_700_1229.pddl,True,False,840.0,1,520,11,23,1,1,0,3,4,4,460,4,2.91,3,-1,-1"
"PATTY-GD-DELTA-PLUS-CLAUSES,numeric/ipc-2023/farmland,instance_4_200_1229.pddl,True,False,790.0,1,203,27,65,1,1,0,5,16,16,172,11,4.51,9,-1,-1"
"PATTY-GD-DELTA-PLUS-CLAUSES,numeric/ipc-2023/farmland,instance_4_300_1229.pddl,True,False,1460.0,1,348,27,65,1,1,0,5,16,16,284,11,4.51,9,-1,-1"
"PATTY-GD-DELTA-PLUS-CLAUSES,numeric/ipc-2023/farmland,instance_4_400_1229.pddl,True,False,1130.0,1,576,27,65,1,1,0,5,16,16,389,12,4.51,12,-1,-1"
"PATTY-GD-DELTA-PLUS-CLAUSES,numeric/ipc-2023/farmland,instance_4_600_1229.pddl,True,False,1260.0,1,1640,27,65,1,1,0,5,16,16,553,14,4.51,14,-1,-1"
"PATTY-GD-DELTA-PLUS-CLAUSES,numeric/ipc-2023/farmland,instance_4_700_1229.pddl,True,False,1060.0,1,946,27,65,1,1,0,5,16,16,688,11,4.51,10,-1,-1"
"PATTY-GD-DELTA-PLUS-CLAUSES,numeric/ipc-2023/farmland,instance_4_800_1229.pddl,True,False,7710.0,1,2062,27,65,1,1,0,5,16,16,647,13,4.51,13,-1,-1"
"PATTY-GD-DELTA-PLUS-CLAUSES,numeric/ipc-2023/farmland,instance_6_100_1229.pddl,True,False,830.0,1,276,43,107,1,1,0,7,28,28,98,16,5.17,14,-1,-1"
"PATTY-GD-DELTA-PLUS-CLAUSES,numeric/ipc-2023/farmland,instance_6_200_1229.pddl,True,False,5810.0,1,493,43,107,1,1,0,7,28,28,171,23,5.17,16,-1,-1"
"PATTY-GD-DELTA-PLUS-CLAUSES,numeric/ipc-2023/farmland,instance_6_400_1229.pddl,True,False,1070.0,1,1060,43,107,1,1,0,7,28,28,313,22,5.17,21,-1,-1"
"PATTY-GD-DELTA-PLUS-CLAUSES,numeric/ipc-2023/farmland,instance_6_500_1229.pddl,True,False,1010.0,1,548,43,107,1,1,0,7,28,28,459,21,5.17,19,-1,-1"
"PATTY-GD-DELTA-PLUS-CLAUSES,numeric/ipc-2023/farmland,instance_6_600_1229.pddl,True,False,1720.0,1,715,43,107,1,1,0,7,28,28,469,26,5.17,25,-1,-1"
"PATTY-GD-DELTA-PLUS-CLAUSES,numeric/ipc-2023/farmland,instance_6_900_1229.pddl,True,False,940.0,1,2423,43,107,1,1,0,7,28,28,867,18,5.17,16,-1,-1"
"PATTY-GD-DELTA-PLUS-CLAUSES,numeric/ipc-2023/farmland,instance_8_200_1229.pddl,True,False,3260.0,1,494,59,149,1,1,0,9,40,40,156,26,5.35,21,-1,-1"
"PATTY-GD-DELTA-PLUS-CLAUSES,numeric/ipc-2023/farmland,instance_8_400_1229.pddl,True,False,6700.0,1,946,59,149,1,1,0,9,40,40,328,24,5.35,20,-1,-1"
"PATTY-GD-DELTA-PLUS-CLAUSES,numeric/ipc-2023/farmland,instance_8_700_1229.pddl,True,False,20260.0,1,829,59,149,1,1,0,9,40,40,661,33,5.35,30,-1,-1"
"PATTY-GD-DELTA-PLUS-CLAUSES,numeric/ipc-2023/fo-farmland,instance_10_100_1229.pddl,True,False,18370.0,1,243,78,187,1,1,0,12,53,53,45,23,6.73,15,-1,-1"
"PATTY-GD-DELTA-PLUS-CLAUSES,numeric/ipc-2023/fo-farmland,instance_10_200_1229.pddl,False,True,30000,-1,0,78,187,1,-1,0,12,53,53,-1,-1,6.73,-1,-1,-1"
"PATTY-GD-DELTA-PLUS-CLAUSES,numeric/ipc-2023/fo-farmland,instance_10_400_1229.pddl,False,True,30000,-1,0,78,187,1,-1,0,12,53,53,-1,-1,6.73,-1,-1,-1"
"PATTY-GD-DELTA-PLUS-CLAUSES,numeric/ipc-2023/fo-farmland,instance_2_200_1229.pddl,True,False,620.0,1,213,14,27,1,1,0,4,5,5,200,5,3.37,4,-1,-1"
"PATTY-GD-DELTA-PLUS-CLAUSES,numeric/ipc-2023/fo-farmland,instance_2_400_1229.pddl,True,False,860.0,1,334,14,27,1,1,0,4,5,5,231,3,3.37,3,-1,-1"
"PATTY-GD-DELTA-PLUS-CLAUSES,numeric/ipc-2023/fo-farmland,instance_4_1000_1229.pddl,True,False,4390.0,1,1072,30,67,1,1,0,6,17,17,764,14,5.36,12,-1,-1"
"PATTY-GD-DELTA-PLUS-CLAUSES,numeric/ipc-2023/fo-farmland,instance_4_300_1229.pddl,True,False,2190.0,1,425,30,67,1,1,0,6,17,17,300,6,5.36,5,-1,-1"
"PATTY-GD-DELTA-PLUS-CLAUSES,numeric/ipc-2023/fo-farmland,instance_4_400_1229.pddl,True,False,4310.0,1,522,30,67,1,1,0,6,17,17,319,14,5.36,11,-1,-1"
"PATTY-GD-DELTA-PLUS-CLAUSES,numeric/ipc-2023/fo-farmland,instance_4_800_1229.pddl,True,False,7590.0,1,2397,30,67,1,1,0,6,17,17,797,15,5.36,12,-1,-1"
"PATTY-GD-DELTA-PLUS-CLAUSES,numeric/ipc-2023/fo-farmland,instance_6_100_1229.pddl,True,False,4780.0,1,399,46,107,1,1,0,8,29,29,95,17,6.14,12,-1,-1"
"PATTY-GD-DELTA-PLUS-CLAUSES,numeric/ipc-2023/fo-farmland,instance_6_400_1229.pddl,True,False,4660.0,1,772,46,107,1,1,0,8,29,29,386,14,6.14,11,-1,-1"
"PATTY-GD-DELTA-PLUS-CLAUSES,numeric/ipc-2023/fo-farmland,instance_6_600_1229.pddl,False,True,30000,-1,0,46,107,1,-1,0,8,29,29,-1,-1,6.14,-1,-1,-1"
"PATTY-GD-DELTA-PLUS-CLAUSES,numeric/ipc-2023/fo-farmland,instance_6_800_1229.pddl,True,False,2420.0,1,2402,46,107,1,1,0,8,29,29,797,18,6.14,14,-1,-1"
"PATTY-GD-DELTA-PLUS-CLAUSES,numeric/ipc-2023/fo-farmland,instance_6_900_1229.pddl,True,False,9250.0,1,1418,46,107,1,1,0,8,29,29,400,21,6.14,18,-1,-1"
"PATTY-GD-DELTA-PLUS-CLAUSES,numeric/ipc-2023/fo-farmland,instance_8_300_1229.pddl,True,False,5980.0,1,948,62,147,1,1,0,10,41,41,200,16,6.4,14,-1,-1"
"PATTY-GD-DELTA-PLUS-CLAUSES,numeric/ipc-2023/fo-farmland,instance_8_400_1229.pddl,True,False,13020.0,1,679,62,147,1,1,0,10,41,41,178,28,6.4,19,-1,-1"
"PATTY-GD-DELTA-PLUS-CLAUSES,numeric/ipc-2023/fo-farmland,instance_8_500_1229.pddl,False,True,30000,-1,0,62,147,1,-1,0,10,41,41,-1,-1,6.4,-1,-1,-1"
"PATTY-GD-DELTA-PLUS-CLAUSES,numeric/ipc-2023/fo-farmland,instance_8_600_1229.pddl,True,False,19790.0,1,256,62,147,1,1,0,10,41,41,66,23,6.4,18,-1,-1"
"PATTY-GD-DELTA-PLUS-CLAUSES,numeric/ipc-2023/fo-farmland,instance_8_700_1229.pddl,False,True,30000,-1,0,62,147,1,-1,0,10,41,41,-1,-1,6.4,-1,-1,-1"
"PATTY-GD-DELTA-PLUS-CLAUSES,numeric/ipc-2023/fo-farmland,instance_8_900_1229.pddl,True,False,5800.0,1,3193,62,147,1,1,0,10,41,41,893,21,6.4,18,-1,-1"
"PATTY-GD-DELTA-PLUS-CLAUSES,numeric/ipc-2023/fo-sailing,instance_1_1_1229.pddl,True,False,660.0,1,86,19,43,1,1,1,3,10,10,36,7,1.95,6,-1,-1"
"PATTY-GD-DELTA-PLUS-CLAUSES,numeric/ipc-2023/fo-sailing,instance_1_2_1229.pddl,True,False,860.0,2,478,22,49,2,2,2,3,11,11,200,7,2.41,5,-1,-1"
"PATTY-GD-DELTA-PLUS-CLAUSES,numeric/ipc-2023/fo-sailing,instance_1_3_1229.pddl,True,False,1000.0,3,315,25,55,3,3,3,3,12,12,76,18,2.8,13,-1,-1"
"PATTY-GD-DELTA-PLUS-CLAUSES,numeric/ipc-2023/fo-sailing,instance_1_4_1229.pddl,True,False,970.0,4,1413,28,61,4,4,4,3,13,13,420,13,3.11,9,-1,-1"
"PATTY-GD-DELTA-PLUS-CLAUSES,numeric/ipc-2023/fo-sailing,instance_2_1_1229.pddl,True,False,750.0,1,177,35,82,1,1,1,6,20,20,87,5,1.98,3,-1,-1"
"PATTY-GD-DELTA-PLUS-CLAUSES,numeric/ipc-2023/fo-sailing,instance_2_2_1229.pddl,True,False,810.0,1,82,39,92,1,1,2,6,22,22,59,7,2.49,5,-1,-1"
"PATTY-GD-DELTA-PLUS-CLAUSES,numeric/ipc-2023/fo-sailing,instance_2_3_1229.pddl,True,False,1500.0,2,3545,43,102,2,2,3,6,24,24,760,25,2.86,19,-1,-1"
"PATTY-GD-DELTA-PLUS-CLAUSES,numeric/ipc-2023/fo-sailing,instance_2_4_1229.pddl,True,False,3160.0,2,63213,47,112,2,2,4,6,26,26,19710,34,3.21,27,-1,-1"
"PATTY-GD-DELTA-PLUS-CLAUSES,numeric/ipc-2023/fo-sailing,instance_3_1_1229.pddl,True,False,780.0,1,922,51,121,1,1,1,9,30,30,188,12,1.98,9,-1,-1"
"PATTY-GD-DELTA-PLUS-CLAUSES,numeric/ipc-2023/fo-sailing,instance_3_2_1229.pddl,True,False,870.0,1,328,56,135,1,1,2,9,33,33,171,11,2.5,7,-1,-1"
"PATTY-GD-DELTA-PLUS-CLAUSES,numeric/ipc-2023/fo-sailing,instance_3_3_1229.pddl,True,False,740.0,1,206,61,149,1,1,3,9,36,36,59,14,2.93,8,-1,-1"
"PATTY-GD-DELTA-PLUS-CLAUSES,numeric/ipc-2023/fo-sailing,instance_3_4_1229.pddl,True,False,840.0,2,1697,66,163,2,2,4,9,39,39,318,24,3.24,14,-1,-1"
"PATTY-GD-DELTA-PLUS-CLAUSES,numeric/ipc-2023/fo-sailing,instance_4_1_1229.pddl,True,False,1100.0,1,836,67,160,1,1,1,12,40,40,180,13,1.99,8,-1,-1"
"PATTY-GD-DELTA-PLUS-CLAUSES,numeric/ipc-2023/fo-sailing,instance_4_2_1229.pddl,True,False,910.0,1,551,73,178,1,1,2,12,44,44,95,13,2.51,9,-1,-1"
"PATTY-GD-DELTA-PLUS-CLAUSES,numeric/ipc-2023/fo-sailing,instance_4_3_1229.pddl,True,False,940.0,1,436,79,196,1,1,3,12,48,48,177,13,2.94,9,-1,-1"
"PATTY-GD-DELTA-PLUS-CLAUSES,numeric/ipc-2023/fo-sailing,instance_4_4_1229.pddl,True,False,850.0,1,486,85,214,1,1,4,12,52,52,118,20,3.29,15,-1,-1"
"PATTY-GD-DELTA-PLUS-CLAUSES,numeric/ipc-2023/fo-sailing,instance_5_1_1229.pddl,True,False,720.0,1,87,83,199,1,1,1,15,50,50,29,10,1.99,6,-1,-1"
"PATTY-GD-DELTA-PLUS-CLAUSES,numeric/ipc-2023/fo-sailing,instance_5_2_1229.pddl,True,False,1040.0,1,479,90,221,1,1,2,15,55,55,78,17,2.52,13,-1,-1"
"PATTY-GD-DELTA-PLUS-CLAUSES,numeric/ipc-2023/fo-sailing,instance_5_3_1229.pddl,True,False,980.0,1,498,97,243,1,1,3,15,60,60,91,13,2.95,10,-1,-1"
"PATTY-GD-DELTA-PLUS-CLAUSES,numeric/ipc-2023/fo-sailing,instance_5_4_1229.pddl,True,False,820.0,1,284,104,265,1,1,4,15,65,65,57,13,3.31,8,-1,-1"
"PATTY-GD-DELTA-PLUS-CLAUSES,numeric/ipc-2023/fo_counters,instance_10.pddl,True,False,5320.0,1,140,83,185,1,1,0,21,40,40,19,39,3.16,20,-1,-1"
"PATTY-GD-DELTA-PLUS-CLAUSES,numeric/ipc-2023/fo_counters,instance_11.pddl,True,False,2580.0,1,178,91,203,1,1,0,23,44,44,22,32,3.17,14,-1,-1"
"PATTY-GD-DELTA-PLUS-CLAUSES,numeric/ipc-2023/fo_counters,instance_12.pddl,True,False,25270.0,1,192,99,221,1,1,0,25,48,48,21,47,3.17,21,-1,-1"
"PATTY-GD-DELTA-PLUS-CLAUSES,numeric/ipc-2023/fo_counters,instance_13.pddl,True,False,20720.0,1,184,107,239,1,1,0,27,52,52,19,49,3.18,24,-1,-1"
"PATTY-GD-DELTA-PLUS-CLAUSES,numeric/ipc-2023/fo_counters,instance_14.pddl,True,False,27420.0,1,258,115,257,1,1,0,29,56,56,26,55,3.18,24,-1,-1"
"PATTY-GD-DELTA-PLUS-CLAUSES,numeric/ipc-2023/fo_counters,instance_15.pddl,False,True,30000,-1,0,123,275,1,-1,0,31,60,60,-1,-1,3.18,-1,-1,-1"
"PATTY-GD-DELTA-PLUS-CLAUSES,numeric/ipc-2023/fo_counters,instance_16.pddl,False,True,30000,-1,0,131,293,1,-1,0,33,64,64,-1,-1,3.18,-1,-1,-1"
"PATTY-GD-DELTA-PLUS-CLAUSES,numeric/ipc-2023/fo_counters,instance_17.pddl,False,True,30000,-1,0,139,311,1,-1,0,35,68,68,-1,-1,3.19,-1,-1,-1"
"PATTY-GD-DELTA-PLUS-CLAUSES,numeric/ipc-2023/fo_counters,instance_18.pddl,False,True,30000,-1,0,147,329,1,-1,0,37,72,72,-1,-1,3.19,-1,-1,-1"
"PATTY-GD-DELTA-PLUS-CLAUSES,numeric/ipc-2023/fo_counters,instance_19.pddl,False,True,30000,-1,0,155,347,1,-1,0,39,76,76,-1,-1,3.19,-1,-1,-1"
"PATTY-GD-DELTA-PLUS-CLAUSES,numeric/ipc-2023/fo_counters,instance_2.pddl,True,False,960.0,1,11,19,41,1,1,0,5,8,8,4,6,2.95,2,-1,-1"
"PATTY-GD-DELTA-PLUS-CLAUSES,numeric/ipc-2023/fo_counters,instance_20.pddl,False,True,30000,-1,0,163,365,1,-1,0,41,80,80,-1,-1,3.19,-1,-1,-1"
"PATTY-GD-DELTA-PLUS-CLAUSES,numeric/ipc-2023/fo_counters,instance_21.pddl,False,True,30000,-1,0,171,383,1,-1,0,43,84,84,-1,-1,3.19,-1,-1,-1"
"PATTY-GD-DELTA-PLUS-CLAUSES,numeric/ipc-2023/fo_counters,instance_3.pddl,True,False,890.0,1,13,27,59,1,1,0,7,12,12,7,6,3.03,2,-1,-1"
"PATTY-GD-DELTA-PLUS-CLAUSES,numeric/ipc-2023/fo_counters,instance_4.pddl,True,False,880.0,1,12,35,77,1,1,0,9,16,16,3,9,3.08,2,-1,-1"
"PATTY-GD-DELTA-PLUS-CLAUSES,numeric/ipc-2023/fo_counters,instance_5.pddl,True,False,970.0,1,39,43,95,1,1,0,11,20,20,9,14,3.11,7,-1,-1"
"PATTY-GD-DELTA-PLUS-CLAUSES,numeric/ipc-2023/fo_counters,instance_6.pddl,True,False,970.0,1,44,51,113,1,1,0,13,24,24,9,16,3.12,10,-1,-1"
"PATTY-GD-DELTA-PLUS-CLAUSES,numeric/ipc-2023/fo_counters,instance_7.pddl,True,False,1630.0,1,31,59,131,1,1,0,15,28,28,5,18,3.14,6,-1,-1"
"PATTY-GD-DELTA-PLUS-CLAUSES,numeric/ipc-2023/fo_counters,instance_8.pddl,True,False,2160.0,1,95,67,149,1,1,0,17,32,32,13,31,3.15,15,-1,-1"
"PATTY-GD-DELTA-PLUS-CLAUSES,numeric/ipc-2023/fo_counters,instance_9.pddl,True,False,14640.0,1,115,75,167,1,1,0,19,36,36,16,34,3.16,16,-1,-1"
"PATTY-GD-DELTA-PLUS-CLAUSES,numeric/ipc-2023/hydropower,pfile01.pddl,True,False,7020.0,1,69,251,595,1,1,49,3,146,146,1,69,19.52,0,-1,-1"
"PATTY-GD-DELTA-PLUS-CLAUSES,numeric/ipc-2023/hydropower,pfile02.pddl,True,False,8410.0,1,48,251,595,1,1,49,3,146,146,1,48,19.52,0,-1,-1"
"PATTY-GD-DELTA-PLUS-CLAUSES,numeric/ipc-2023/hydropower,pfile04.pddl,True,False,11290.0,1,64,251,595,1,1,49,3,146,146,2,51,19.52,13,-1,-1"
"PATTY-GD-DELTA-PLUS-CLAUSES,numeric/ipc-2023/hydropower,pfile05.pddl,False,True,30000,-1,0,251,595,1,-1,49,3,146,146,-1,-1,19.52,-1,-1,-1"
"PATTY-GD-DELTA-PLUS-CLAUSES,numeric/ipc-2023/hydropower,pfile06.pddl,True,False,18900.0,1,69,251,595,1,1,49,3,146,146,2,62,19.52,7,-1,-1"
"PATTY-GD-DELTA-PLUS-CLAUSES,numeric/ipc-2023/hydropower,pfile07.pddl,True,False,19890.0,1,91,251,595,1,1,49,3,146,146,4,78,19.52,11,-1,-1"
"PATTY-GD-DELTA-PLUS-CLAUSES,numeric/ipc-2023/hydropower,pfile08.pddl,True,False,19540.0,1,71,251,595,1,1,49,3,146,146,4,61,19.52,7,-1,-1"
"PATTY-GD-DELTA-PLUS-CLAUSES,numeric/ipc-2023/hydropower,pfile09.pddl,True,False,17180.0,1,107,251,595,1,1,49,3,146,146,5,85,19.52,18,-1,-1"
"PATTY-GD-DELTA-PLUS-CLAUSES,numeric/ipc-2023/hydropower,pfile11.pddl,True,False,22350.0,1,131,251,595,1,1,49,3,146,146,9,85,19.52,28,-1,-1"
"PATTY-GD-DELTA-PLUS-CLAUSES,numeric/ipc-2023/hydropower,pfile12.pddl,True,False,13630.0,1,153,251,595,1,1,49,3,146,146,13,88,19.52,36,-1,-1"
"PATTY-GD-DELTA-PLUS-CLAUSES,numeric/ipc-2023/hydropower,pfile13.pddl,True,False,17840.0,1,146,251,595,1,1,49,3,146,146,15,81,19.52,32,-1,-1"
"PATTY-GD-DELTA-PLUS-CLAUSES,numeric/ipc-2023/hydropower,pfile14.pddl,True,False,13820.0,1,184,251,595,1,1,49,3,146,146,18,99,19.52,43,-1,-1"
"PATTY-GD-DELTA-PLUS-CLAUSES,numeric/ipc-2023/hydropower,pfile18.pddl,True,False,11610.0,1,257,251,595,1,1,49,3,146,146,26,118,19.52,55,-1,-1"
"PATTY-GD-DELTA-PLUS-CLAUSES,numeric/ipc-2023/hydropower,pfile19.pddl,True,False,16210.0,1,289,251,595,1,1,49,3,146,146,30,126,19.52,64,-1,-1"
"PATTY-GD-DELTA-PLUS-CLAUSES,numeric/ipc-2023/hydropower,pfile20.pddl,False,True,30000,-1,0,251,595,1,-1,49,3,146,146,-1,-1,19.52,-1,-1,-1"
"PATTY-GD-DELTA-PLUS-CLAUSES,numeric/ipc-2023/hydropower,pfile22.pddl,True,False,28240.0,1,292,251,595,1,1,49,3,146,146,38,111,19.52,49,-1,-1"
"PATTY-GD-DELTA-PLUS-CLAUSES,numeric/ipc-2023/hydropower,pfile23.pddl,False,True,30000,-1,0,251,595,1,-1,49,3,146,146,-1,-1,19.52,-1,-1,-1"
"PATTY-GD-DELTA-PLUS-CLAUSES,numeric/ipc-2023/hydropower,pfile24.pddl,False,True,30000,-1,0,251,595,1,-1,49,3,146,146,-1,-1,19.52,-1,-1,-1"
"PATTY-GD-DELTA-PLUS-CLAUSES,numeric/ipc-2023/hydropower,pfile27.pddl,False,True,30000,-1,0,251,595,1,-1,49,3,146,146,-1,-1,19.52,-1,-1,-1"
"PATTY-GD-DELTA-PLUS-CLAUSES,numeric/ipc-2023/hydropower,pfile28.pddl,True,False,18770.0,1,397,251,595,1,1,49,3,146,146,53,123,19.52,68,-1,-1"
"PATTY-GD-DELTA-PLUS-CLAUSES,numeric/ipc-2023/markettrader,pfile01.pddl,False,True,30000,-1,0,92,220,3,-1,2,16,55,55,-1,-1,7.8,-1,-1,-1"
"PATTY-GD-DELTA-PLUS-CLAUSES,numeric/ipc-2023/markettrader,pfile02.pddl,False,True,30000,-1,0,86,205,3,-1,2,15,51,51,-1,-1,7.52,-1,-1,-1"
"PATTY-GD-DELTA-PLUS-CLAUSES,numeric/ipc-2023/markettrader,pfile03.pddl,False,True,30000,-1,0,86,205,3,-1,2,15,51,51,-1,-1,7.52,-1,-1,-1"
"PATTY-GD-DELTA-PLUS-CLAUSES,numeric/ipc-2023/markettrader,pfile04.pddl,False,True,30000,-1,0,87,208,4,-1,2,15,52,52,-1,-1,7.74,-1,-1,-1"
"PATTY-GD-DELTA-PLUS-CLAUSES,numeric/ipc-2023/markettrader,pfile05.pddl,False,True,30000,-1,0,87,208,4,-1,2,15,52,52,-1,-1,7.74,-1,-1,-1"
"PATTY-GD-DELTA-PLUS-CLAUSES,numeric/ipc-2023/markettrader,pfile06.pddl,False,True,30000,-1,0,132,334,1,-1,3,18,89,89,-1,-1,10.9,-1,-1,-1"
"PATTY-GD-DELTA-PLUS-CLAUSES,numeric/ipc-2023/markettrader,pfile07.pddl,False,True,30000,-1,0,124,316,2,-1,3,16,85,85,-1,-1,11.73,-1,-1,-1"
"PATTY-GD-DELTA-PLUS-CLAUSES,numeric/ipc-2023/markettrader,pfile08.pddl,False,True,30000,-1,0,123,313,1,-1,3,16,84,84,-1,-1,11.89,-1,-1,-1"
"PATTY-GD-DELTA-PLUS-CLAUSES,numeric/ipc-2023/markettrader,pfile09.pddl,False,True,30000,-1,0,122,308,1,-1,3,16,83,83,-1,-1,12.77,-1,-1,-1"
"PATTY-GD-DELTA-PLUS-CLAUSES,numeric/ipc-2023/markettrader,pfile10.pddl,False,True,30000,-1,0,134,340,1,-1,3,18,91,91,-1,-1,11.49,-1,-1,-1"
"PATTY-GD-DELTA-PLUS-CLAUSES,numeric/ipc-2023/markettrader,pfile11.pddl,False,True,30000,-1,0,152,398,1,-1,4,16,111,111,-1,-1,16.05,-1,-1,-1"
"PATTY-GD-DELTA-PLUS-CLAUSES,numeric/ipc-2023/markettrader,pfile12.pddl,False,True,30000,-1,0,147,390,1,-1,4,15,108,108,-1,-1,15.78,-1,-1,-1"
"PATTY-GD-DELTA-PLUS-CLAUSES,numeric/ipc-2023/markettrader,pfile13.pddl,False,True,30000,-1,0,161,424,1,-1,4,17,118,118,-1,-1,15.31,-1,-1,-1"
"PATTY-GD-DELTA-PLUS-CLAUSES,numeric/ipc-2023/markettrader,pfile14.pddl,False,True,30000,-1,0,159,416,1,-1,4,17,116,116,-1,-1,16.91,-1,-1,-1"
"PATTY-GD-DELTA-PLUS-CLAUSES,numeric/ipc-2023/markettrader,pfile15.pddl,False,True,30000,-1,0,165,433,1,-1,4,18,120,120,-1,-1,14.39,-1,-1,-1"
"PATTY-GD-DELTA-PLUS-CLAUSES,numeric/ipc-2023/markettrader,pfile16.pddl,False,True,30000,-1,0,196,522,1,-1,5,18,149,149,-1,-1,19.31,-1,-1,-1"
"PATTY-GD-DELTA-PLUS-CLAUSES,numeric/ipc-2023/markettrader,pfile17.pddl,False,True,30000,-1,0,194,525,1,-1,5,17,149,149,-1,-1,21.08,-1,-1,-1"
"PATTY-GD-DELTA-PLUS-CLAUSES,numeric/ipc-2023/markettrader,pfile18.pddl,False,True,30000,-1,0,200,540,1,-1,5,18,153,153,-1,-1,21.04,-1,-1,-1"
"PATTY-GD-DELTA-PLUS-CLAUSES,numeric/ipc-2023/markettrader,pfile19.pddl,False,True,30000,-1,0,196,522,1,-1,5,18,149,149,-1,-1,19.63,-1,-1,-1"
"PATTY-GD-DELTA-PLUS-CLAUSES,numeric/ipc-2023/markettrader,pfile20.pddl,False,True,30000,-1,0,200,538,1,-1,5,18,153,153,-1,-1,19.93,-1,-1,-1"
"PATTY-GD-DELTA-PLUS-CLAUSES,numeric/ipc-2023/mprime,pfile01.pddl,True,False,1110.0,2,66,239,685,2,2,27,7,85,170,10,25,12.74,18,-1,-1"
"PATTY-GD-DELTA-PLUS-CLAUSES,numeric/ipc-2023/mprime,pfile02.pddl,False,True,30000,-1,0,3017,10425,2,-1,248,11,1249,2498,-1,-1,67.2,-1,-1,-1"
"PATTY-GD-DELTA-PLUS-CLAUSES,numeric/ipc-2023/mprime,pfile04.pddl,True,False,2560.0,2,113,733,2153,2,2,87,11,268,536,8,55,31.7,33,-1,-1"
"PATTY-GD-DELTA-PLUS-CLAUSES,numeric/ipc-2023/mprime,pfile05.pddl,True,False,28120.0,2,53,2641,9102,2,2,212,12,1096,2192,3,42,60.36,9,-1,-1"
"PATTY-GD-DELTA-PLUS-CLAUSES,numeric/ipc-2023/mprime,pfile09.pddl,True,False,19630.0,2,55,2031,6943,2,2,171,11,833,1666,4,38,45.9,11,-1,-1"
"PATTY-GD-DELTA-PLUS-CLAUSES,numeric/ipc-2023/mprime,pfile13.pddl,False,True,30000,-1,0,-1,-1,-1,-1,1488,29,15002,-1,-1,-1,-1,-1,-1,-1"
"PATTY-GD-DELTA-PLUS-CLAUSES,numeric/ipc-2023/mprime,pfile14.pddl,False,True,30000,-1,0,-1,-1,-1,-1,1509,30,17595,-1,-1,-1,-1,-1,-1,-1"
"PATTY-GD-DELTA-PLUS-CLAUSES,numeric/ipc-2023/mprime,pfile15.pddl,False,True,30000,-1,0,6772,23351,1,-1,551,28,5613,5613,-1,-1,52.89,-1,-1,-1"
"PATTY-GD-DELTA-PLUS-CLAUSES,numeric/ipc-2023/mprime,pfile16.pddl,True,False,16900.0,1,60,2190,7113,1,1,239,18,1675,1675,6,38,25.77,11,-1,-1"
"PATTY-GD-DELTA-PLUS-CLAUSES,numeric/ipc-2023/mprime,pfile18.pddl,False,True,30000,-1,0,8157,29023,2,-1,415,29,3634,7268,-1,-1,97.37,-1,-1,-1"
"PATTY-GD-DELTA-PLUS-CLAUSES,numeric/ipc-2023/mprime,pfile19.pddl,False,True,30000,-1,0,4820,16286,1,-1,442,23,3889,3889,-1,-1,48.54,-1,-1,-1"
"PATTY-GD-DELTA-PLUS-CLAUSES,numeric/ipc-2023/mprime,pfile20.pddl,False,True,30000,-1,0,5559,19557,2,-1,314,29,2436,4872,-1,-1,48.67,-1,-1,-1"
"PATTY-GD-DELTA-PLUS-CLAUSES,numeric/ipc-2023/mprime,pfile21.pddl,False,True,30000,-1,0,6625,22160,1,-1,684,18,5220,5220,-1,-1,92.68,-1,-1,-1"
"PATTY-GD-DELTA-PLUS-CLAUSES,numeric/ipc-2023/mprime,pfile22.pddl,False,True,30000,-1,0,-1,-1,-1,-1,1002,37,13561,-1,-1,-1,-1,-1,-1,-1"
"PATTY-GD-DELTA-PLUS-CLAUSES,numeric/ipc-2023/mprime,pfile23.pddl,False,True,30000,-1,0,6104,20629,1,-1,549,26,4953,4953,-1,-1,66.99,-1,-1,-1"
"PATTY-GD-DELTA-PLUS-CLAUSES,numeric/ipc-2023/mprime,pfile24.pddl,False,True,30000,-1,0,5128,15929,1,-1,711,18,3669,3669,-1,-1,114.97,-1,-1,-1"
"PATTY-GD-DELTA-PLUS-CLAUSES,numeric/ipc-2023/mprime,pfile25.pddl,True,False,990.0,2,32,189,572,2,2,20,6,68,136,6,15,10.67,9,-1,-1"
"PATTY-GD-DELTA-PLUS-CLAUSES,numeric/ipc-2023/mprime,pfile26.pddl,True,False,20150.0,2,103,1879,6373,2,2,128,17,794,1588,4,72,32.33,28,-1,-1"
"PATTY-GD-DELTA-PLUS-CLAUSES,numeric/ipc-2023/mprime,pfile27.pddl,True,False,3460.0,2,151,893,2936,2,2,81,10,355,710,10,72,25.12,34,-1,-1"
"PATTY-GD-DELTA-PLUS-CLAUSES,numeric/ipc-2023/mprime,pfile28.pddl,True,False,2180.0,4,179,321,920,4,4,47,6,107,214,27,54,19.17,39,-1,-1"
"PATTY-GD-DELTA-PLUS-CLAUSES,numeric/ipc-2023/pathwaysmetric,pfile01.pddl,True,False,1000.0,1,15,163,295,1,1,32,27,44,44,6,7,2.24,4,-1,-1"
"PATTY-GD-DELTA-PLUS-CLAUSES,numeric/ipc-2023/pathwaysmetric,pfile03.pddl,True,False,1290.0,1,188,261,484,1,1,38,55,74,74,53,18,2.46,14,-1,-1"
"PATTY-GD-DELTA-PLUS-CLAUSES,numeric/ipc-2023/pathwaysmetric,pfile04.pddl,True,False,1270.0,1,108,326,619,1,1,44,68,101,101,25,16,2.59,14,-1,-1"
"PATTY-GD-DELTA-PLUS-CLAUSES,numeric/ipc-2023/pathwaysmetric,pfile06.pddl,True,False,2280.0,1,524,559,1053,1,1,70,126,166,166,128,50,3.06,36,-1,-1"
"PATTY-GD-DELTA-PLUS-CLAUSES,numeric/ipc-2023/pathwaysmetric,pfile07.pddl,True,False,2530.0,1,506,698,1330,1,1,80,161,215,215,152,66,3.19,47,-1,-1"
"PATTY-GD-DELTA-PLUS-CLAUSES,numeric/ipc-2023/pathwaysmetric,pfile08.pddl,True,False,4080.0,1,1286,841,1635,1,1,82,200,276,276,180,126,3.56,104,-1,-1"
"PATTY-GD-DELTA-PLUS-CLAUSES,numeric/ipc-2023/pathwaysmetric,pfile09.pddl,True,False,24360.0,1,99665,834,1607,1,1,96,186,269,269,19634,239,3.65,179,-1,-1"
"PATTY-GD-DELTA-PLUS-CLAUSES,numeric/ipc-2023/pathwaysmetric,pfile10.pddl,False,True,30000,-1,0,761,1535,1,-1,78,158,288,288,-1,-1,3.38,-1,-1,-1"
"PATTY-GD-DELTA-PLUS-CLAUSES,numeric/ipc-2023/pathwaysmetric,pfile11.pddl,True,False,9920.0,1,20737,757,1500,1,1,94,147,274,274,5745,235,2.99,188,-1,-1"
"PATTY-GD-DELTA-PLUS-CLAUSES,numeric/ipc-2023/pathwaysmetric,pfile13.pddl,True,False,5160.0,1,2273,860,1697,1,1,96,182,303,303,393,250,3.24,197,-1,-1"
"PATTY-GD-DELTA-PLUS-CLAUSES,numeric/ipc-2023/pathwaysmetric,pfile14.pddl,False,True,30000,-1,0,877,1732,1,-1,86,199,306,306,-1,-1,3.81,-1,-1,-1"
"PATTY-GD-DELTA-PLUS-CLAUSES,numeric/ipc-2023/pathwaysmetric,pfile15.pddl,True,False,6650.0,1,3725,932,1910,1,1,90,190,371,371,776,258,3.52,205,-1,-1"
"PATTY-GD-DELTA-PLUS-CLAUSES,numeric/ipc-2023/pathwaysmetric,pfile16.pddl,True,False,26690.0,1,15047,1459,2959,1,1,110,344,550,550,2870,464,4.44,384,-1,-1"
"PATTY-GD-DELTA-PLUS-CLAUSES,numeric/ipc-2023/pathwaysmetric,pfile18.pddl,True,False,9100.0,1,9937,1128,2218,1,1,92,281,381,381,1609,303,4.38,248,-1,-1"
"PATTY-GD-DELTA-PLUS-CLAUSES,numeric/ipc-2023/pathwaysmetric,pfile20.pddl,True,False,11600.0,1,20018,1257,2488,1,1,104,306,436,436,7448,354,4.47,285,-1,-1"
"PATTY-GD-DELTA-PLUS-CLAUSES,numeric/ipc-2023/pathwaysmetric,pfile21.pddl,True,False,23920.0,1,17391,1475,3013,1,1,122,328,574,574,2836,464,4.17,383,-1,-1"
"PATTY-GD-DELTA-PLUS-CLAUSES,numeric/ipc-2023/pathwaysmetric,pfile23.pddl,True,False,16239.999999999998,1,3711,1304,2662,1,1,122,274,511,511,354,372,3.9,286,-1,-1"
"PATTY-GD-DELTA-PLUS-CLAUSES,numeric/ipc-2023/pathwaysmetric,pfile24.pddl,False,True,30000,-1,0,1471,2892,1,-1,112,376,494,494,-1,-1,4.59,-1,-1,-1"
"PATTY-GD-DELTA-PLUS-CLAUSES,numeric/ipc-2023/pathwaysmetric,pfile26.pddl,False,True,30000,-1,0,1662,3415,1,-1,134,367,659,659,-1,-1,4.46,-1,-1,-1"
"PATTY-GD-DELTA-PLUS-CLAUSES,numeric/ipc-2023/pathwaysmetric,pfile27.pddl,True,False,27180.0,1,6959,1946,3999,1,1,142,447,767,767,1393,497,4.78,390,-1,-1"
"PATTY-GD-DELTA-PLUS-CLAUSES,numeric/ipc-2023/rover,pfile1.pddl,True,False,3710.0,4,53,301,938,4,4,40,2,72,216,11,28,51.75,7,-1,-1"
"PATTY-GD-DELTA-PLUS-CLAUSES,numeric/ipc-2023/rover,pfile10.pddl,False,True,30000,-1,0,849,2357,6,-1,166,5,506,506,-1,-1,32.1,-1,-1,-1"
"PATTY-GD-DELTA-PLUS-CLAUSES,numeric/ipc-2023/rover,pfile11.pddl,False,True,30000,-1,0,1797,6071,5,-1,171,5,722,1444,-1,-1,89.41,-1,-1,-1"
"PATTY-GD-DELTA-PLUS-CLAUSES,numeric/ipc-2023/rover,pfile12.pddl,True,False,23960.0,3,67,1619,5351,3,3,175,5,629,1258,14,37,86.37,7,-1,-1"
"PATTY-GD-DELTA-PLUS-CLAUSES,numeric/ipc-2023/rover,pfile13.pddl,False,True,30000,-1,0,1486,4652,2,-1,204,5,1067,1067,-1,-1,66.57,-1,-1,-1"
"PATTY-GD-DELTA-PLUS-CLAUSES,numeric/ipc-2023/rover,pfile14.pddl,False,True,30000,-1,0,2075,6915,3,-1,212,5,820,1640,-1,-1,102.85,-1,-1,-1"
"PATTY-GD-DELTA-PLUS-CLAUSES,numeric/ipc-2023/rover,pfile15.pddl,False,True,30000,-1,0,1630,4993,2,-1,242,5,1135,1135,-1,-1,76.59,-1,-1,-1"
"PATTY-GD-DELTA-PLUS-CLAUSES,numeric/ipc-2023/rover,pfile16.pddl,False,True,30000,-1,0,1396,4066,2,-1,243,5,899,899,-1,-1,63.98,-1,-1,-1"
"PATTY-GD-DELTA-PLUS-CLAUSES,numeric/ipc-2023/rover,pfile17.pddl,False,True,30000,-1,0,2784,8510,1,-1,422,7,1925,1925,-1,-1,83.07,-1,-1,-1"
"PATTY-GD-DELTA-PLUS-CLAUSES,numeric/ipc-2023/rover,pfile18.pddl,False,True,30000,-1,0,3547,10665,1,-1,561,7,2410,2410,-1,-1,96.67,-1,-1,-1"
"PATTY-GD-DELTA-PLUS-CLAUSES,numeric/ipc-2023/rover,pfile19.pddl,False,True,30000,-1,0,-1,-1,-1,-1,593,7,4250,-1,-1,-1,-1,-1,-1,-1"
"PATTY-GD-DELTA-PLUS-CLAUSES,numeric/ipc-2023/rover,pfile2.pddl,False,True,30000,-1,0,727,2579,9,-1,45,2,79,632,-1,-1,154.73,-1,-1,-1"
"PATTY-GD-DELTA-PLUS-CLAUSES,numeric/ipc-2023/rover,pfile20.pddl,False,True,30000,-1,0,-1,-1,-1,-1,858,9,6723,-1,-1,-1,-1,-1,-1,-1"
"PATTY-GD-DELTA-PLUS-CLAUSES,numeric/ipc-2023/rover,pfile3.pddl,True,False,2550.0,3,80,353,1015,3,3,61,3,112,224,25,36,29.46,7,-1,-1"
"PATTY-GD-DELTA-PLUS-CLAUSES,numeric/ipc-2023/rover,pfile4.pddl,True,False,1380.0,1,39,259,603,1,1,68,3,116,116,18,12,13.97,3,-1,-1"
"PATTY-GD-DELTA-PLUS-CLAUSES,numeric/ipc-2023/rover,pfile5.pddl,False,True,30000,-1,0,1205,4301,8,-1,74,3,175,1050,-1,-1,136.42,-1,-1,-1"
"PATTY-GD-DELTA-PLUS-CLAUSES,numeric/ipc-2023/rover,pfile6.pddl,False,True,30000,-1,0,1205,4243,6,-1,83,3,258,1032,-1,-1,127.71,-1,-1,-1"
"PATTY-GD-DELTA-PLUS-CLAUSES,numeric/ipc-2023/rover,pfile7.pddl,True,False,4730.0,3,81,663,2015,3,3,99,4,228,456,25,39,38.7,6,-1,-1"
"PATTY-GD-DELTA-PLUS-CLAUSES,numeric/ipc-2023/rover,pfile8.pddl,True,False,12020.0,4,86,1217,3935,4,4,145,5,458,916,18,52,59.01,7,-1,-1"
"PATTY-GD-DELTA-PLUS-CLAUSES,numeric/ipc-2023/rover,pfile9.pddl,False,True,30000,-1,0,2325,8167,5,-1,165,5,496,1984,-1,-1,122.74,-1,-1,-1"
"PATTY-GD-DELTA-PLUS-CLAUSES,numeric/ipc-2023/sailing,instance_1_10_1229.pddl,True,False,1230.0,9,2277,42,73,9,9,10,2,17,17,414,29,4.45,19,-1,-1"
"PATTY-GD-DELTA-PLUS-CLAUSES,numeric/ipc-2023/sailing,instance_1_4_1229.pddl,True,False,880.0,4,841,24,37,4,4,4,2,11,11,285,12,3.92,8,-1,-1"
"PATTY-GD-DELTA-PLUS-CLAUSES,numeric/ipc-2023/sailing,instance_1_5_1229.pddl,True,False,990.0,5,1026,27,43,5,5,5,2,12,12,208,15,4.07,10,-1,-1"
"PATTY-GD-DELTA-PLUS-CLAUSES,numeric/ipc-2023/sailing,instance_1_6_1229.pddl,True,False,1030.0,6,1706,30,49,6,6,6,2,13,13,464,18,4.18,12,-1,-1"
"PATTY-GD-DELTA-PLUS-CLAUSES,numeric/ipc-2023/sailing,instance_1_7_1229.pddl,True,False,940.0,6,1206,33,55,6,6,7,2,14,14,258,19,4.27,12,-1,-1"
"PATTY-GD-DELTA-PLUS-CLAUSES,numeric/ipc-2023/sailing,instance_2_10_1229.pddl,True,False,1180.0,5,2297,63,124,5,5,10,4,34,34,539,31,4.83,21,-1,-1"
"PATTY-GD-DELTA-PLUS-CLAUSES,numeric/ipc-2023/sailing,instance_2_1_1229.pddl,True,False,770.0,1,174,27,34,1,1,1,4,16,16,88,3,3.06,2,-1,-1"
"PATTY-GD-DELTA-PLUS-CLAUSES,numeric/ipc-2023/sailing,instance_2_2_1229.pddl,True,False,890.0,1,197,31,44,1,1,2,4,18,18,90,6,3.61,4,-1,-1"
"PATTY-GD-DELTA-PLUS-CLAUSES,numeric/ipc-2023/sailing,instance_2_4_1229.pddl,True,False,980.0,2,666,39,64,2,2,4,4,22,22,280,12,4.2,8,-1,-1"
"PATTY-GD-DELTA-PLUS-CLAUSES,numeric/ipc-2023/sailing,instance_2_7_1229.pddl,True,False,800.0,3,1091,51,94,3,3,7,4,28,28,216,21,4.62,14,-1,-1"
"PATTY-GD-DELTA-PLUS-CLAUSES,numeric/ipc-2023/sailing,instance_2_8_1229.pddl,True,False,940.0,4,2848,55,104,4,4,8,4,30,30,484,26,4.7,16,-1,-1"
"PATTY-GD-DELTA-PLUS-CLAUSES,numeric/ipc-2023/sailing,instance_2_9_1229.pddl,True,False,1260.0,4,2072,59,114,4,4,9,4,32,32,576,26,4.77,16,-1,-1"
"PATTY-GD-DELTA-PLUS-CLAUSES,numeric/ipc-2023/sailing,instance_3_4_1229.pddl,True,False,890.0,2,1294,54,91,2,2,4,6,33,33,371,16,4.32,12,-1,-1"
"PATTY-GD-DELTA-PLUS-CLAUSES,numeric/ipc-2023/sailing,instance_3_5_1229.pddl,True,False,910.0,2,1560,59,105,2,2,5,6,36,36,284,17,4.5,12,-1,-1"
"PATTY-GD-DELTA-PLUS-CLAUSES,numeric/ipc-2023/sailing,instance_3_6_1229.pddl,True,False,920.0,2,1075,64,119,2,2,6,6,39,39,180,18,4.65,12,-1,-1"
"PATTY-GD-DELTA-PLUS-CLAUSES,numeric/ipc-2023/sailing,instance_4_10_1229.pddl,True,False,1360.0,3,4855,105,226,3,3,10,8,68,68,1016,37,5.08,26,-1,-1"
"PATTY-GD-DELTA-PLUS-CLAUSES,numeric/ipc-2023/sailing,instance_4_2_1229.pddl,True,False,630.0,1,290,57,82,1,1,2,8,36,36,93,7,3.74,5,-1,-1"
"PATTY-GD-DELTA-PLUS-CLAUSES,numeric/ipc-2023/sailing,instance_4_5_1229.pddl,True,False,1050.0,2,1628,75,136,2,2,5,8,48,48,286,21,4.57,16,-1,-1"
"PATTY-GD-DELTA-PLUS-CLAUSES,numeric/ipc-2023/sailing,instance_4_6_1229.pddl,True,False,990.0,2,1966,81,154,2,2,6,8,52,52,569,22,4.72,16,-1,-1"
"PATTY-GD-DELTA-PLUS-CLAUSES,numeric/ipc-2023/sailing,instance_4_7_1229.pddl,True,False,1240.0,2,2280,87,172,2,2,7,8,56,56,293,25,4.84,18,-1,-1"
"PATTY-GD-DELTA-PLUS-CLAUSES,numeric/ipc-2023/settlers-compiled,pfile1.pddl,False,False,1250.0,-1,0,-1,-1,-1,-1,110,84,630,-1,-1,-1,-1,-1,-1,-1"
"PATTY-GD-DELTA-PLUS-CLAUSES,numeric/ipc-2023/settlers-compiled,pfile10.pddl,True,False,14140.0,1,3759,1867,3880,1,1,175,116,500,500,275,270,9.07,236,-1,-1"
"PATTY-GD-DELTA-PLUS-CLAUSES,numeric/ipc-2023/settlers-compiled,pfile11.pddl,True,False,7800.0,1,2638,1903,3972,1,1,179,116,528,528,193,305,10.04,269,-1,-1"
"PATTY-GD-DELTA-PLUS-CLAUSES,numeric/ipc-2023/settlers-compiled,pfile12.pddl,True,False,6850.0,1,3847,1924,4027,1,1,181,116,545,545,332,277,10.41,248,-1,-1"
"PATTY-GD-DELTA-PLUS-CLAUSES,numeric/ipc-2023/settlers-compiled,pfile13.pddl,True,False,12930.0,1,2645,2317,4845,1,1,212,131,622,622,212,312,10.2,258,-1,-1"
"PATTY-GD-DELTA-PLUS-CLAUSES,numeric/ipc-2023/settlers-compiled,pfile14.pddl,False,False,6500.0,-1,0,-1,-1,-1,-1,518,204,5202,-1,-1,-1,-1,-1,-1,-1"
"PATTY-GD-DELTA-PLUS-CLAUSES,numeric/ipc-2023/settlers-compiled,pfile15.pddl,False,False,3400.0,-1,0,-1,-1,-1,-1,351,132,2318,-1,-1,-1,-1,-1,-1,-1"
"PATTY-GD-DELTA-PLUS-CLAUSES,numeric/ipc-2023/settlers-compiled,pfile16.pddl,False,False,2980.0,-1,0,-1,-1,-1,-1,351,132,2318,-1,-1,-1,-1,-1,-1,-1"
"PATTY-GD-DELTA-PLUS-CLAUSES,numeric/ipc-2023/settlers-compiled,pfile17.pddl,True,False,27360.0,1,3504,2785,5840,1,1,249,146,734,734,280,351,10.68,306,-1,-1"
"PATTY-GD-DELTA-PLUS-CLAUSES,numeric/ipc-2023/settlers-compiled,pfile18.pddl,False,True,30000,-1,0,3656,7740,1,-1,320,169,997,997,-1,-1,12.19,-1,-1,-1"
"PATTY-GD-DELTA-PLUS-CLAUSES,numeric/ipc-2023/settlers-compiled,pfile19.pddl,False,True,30000,-1,0,4495,9545,1,-1,390,193,1228,1228,-1,-1,12.54,-1,-1,-1"
"PATTY-GD-DELTA-PLUS-CLAUSES,numeric/ipc-2023/settlers-compiled,pfile2.pddl,True,False,2460.0,1,1597,947,1922,1,1,96,78,248,248,192,126,7.2,110,-1,-1"
"PATTY-GD-DELTA-PLUS-CLAUSES,numeric/ipc-2023/settlers-compiled,pfile20.pddl,False,True,30000,-1,0,4496,9548,1,-1,390,193,1229,1229,-1,-1,12.3,-1,-1,-1"
"PATTY-GD-DELTA-PLUS-CLAUSES,numeric/ipc-2023/settlers-compiled,pfile3.pddl,True,False,2660.0,1,1490,968,1977,1,1,98,78,265,265,348,150,7.89,135,-1,-1"
"PATTY-GD-DELTA-PLUS-CLAUSES,numeric/ipc-2023/settlers-compiled,pfile4.pddl,True,False,3310.0,1,480,952,1937,1,1,96,78,253,253,49,82,7.22,52,-1,-1"
"PATTY-GD-DELTA-PLUS-CLAUSES,numeric/ipc-2023/settlers-compiled,pfile5.pddl,True,False,3620.0,1,1445,1144,2353,1,1,115,86,321,321,208,137,8.32,116,-1,-1"
"PATTY-GD-DELTA-PLUS-CLAUSES,numeric/ipc-2023/settlers-compiled,pfile6.pddl,True,False,5760.0,1,2226,1289,2651,1,1,126,93,346,346,297,184,8.61,164,-1,-1"
"PATTY-GD-DELTA-PLUS-CLAUSES,numeric/ipc-2023/settlers-compiled,pfile7.pddl,False,False,2000.0,-1,0,-1,-1,-1,-1,218,108,1365,-1,-1,-1,-1,-1,-1,-1"
"PATTY-GD-DELTA-PLUS-CLAUSES,numeric/ipc-2023/settlers-compiled,pfile8.pddl,True,False,12980.0,1,4548,1628,3355,1,1,154,108,417,417,282,209,8.63,180,-1,-1"
"PATTY-GD-DELTA-PLUS-CLAUSES,numeric/ipc-2023/settlers-compiled,pfile9.pddl,True,False,4880.0,1,5515,1487,3077,1,1,144,101,408,408,665,187,8.67,159,-1,-1"
"PATTY-GD-DELTA-PLUS-CLAUSES,numeric/ipc-2023/sugar,pfile01.pddl,True,False,3880.0,4,26,481,1386,4,4,28,38,174,348,1,26,15.64,0,-1,-1"
"PATTY-GD-DELTA-PLUS-CLAUSES,numeric/ipc-2023/sugar,pfile02.pddl,False,True,30000,-1,0,365,924,65,-1,37,44,202,202,-1,-1,8.02,-1,-1,-1"
"PATTY-GD-DELTA-PLUS-CLAUSES,numeric/ipc-2023/sugar,pfile03.pddl,True,False,6460.0,10,99,362,918,10,10,37,43,201,201,5,71,8.17,11,-1,-1"
"PATTY-GD-DELTA-PLUS-CLAUSES,numeric/ipc-2023/sugar,pfile04.pddl,False,True,30000,-1,0,1613,5346,10,-1,39,44,241,1446,-1,-1,48.1,-1,-1,-1"
"PATTY-GD-DELTA-PLUS-CLAUSES,numeric/ipc-2023/sugar,pfile05.pddl,True,False,5250.0,6,102,408,1065,6,6,39,44,241,241,5,68,9.62,21,-1,-1"
"PATTY-GD-DELTA-PLUS-CLAUSES,numeric/ipc-2023/sugar,pfile06.pddl,True,False,4030.0000000000005,2,38,649,1921,2,2,39,44,241,482,6,25,17.58,6,-1,-1"
"PATTY-GD-DELTA-PLUS-CLAUSES,numeric/ipc-2023/sugar,pfile07.pddl,False,True,30000,-1,0,2336,7914,10,-1,39,44,241,2169,-1,-1,71.44,-1,-1,-1"
"PATTY-GD-DELTA-PLUS-CLAUSES,numeric/ipc-2023/sugar,pfile08.pddl,True,False,6740.0,4,77,649,1921,4,4,39,44,241,482,7,54,17.31,9,-1,-1"
"PATTY-GD-DELTA-PLUS-CLAUSES,numeric/ipc-2023/sugar,pfile09.pddl,True,False,3760.0,2,32,649,1921,2,2,39,44,241,482,4,22,17.59,6,-1,-1"
"PATTY-GD-DELTA-PLUS-CLAUSES,numeric/ipc-2023/sugar,pfile10.pddl,True,False,6960.0,4,91,649,1921,4,4,39,44,241,482,7,62,17.45,13,-1,-1"
"PATTY-GD-DELTA-PLUS-CLAUSES,numeric/ipc-2023/sugar,pfile11.pddl,True,False,2930.0,4,76,404,1053,4,4,39,44,237,237,5,52,9.29,11,-1,-1"
"PATTY-GD-DELTA-PLUS-CLAUSES,numeric/ipc-2023/sugar,pfile12.pddl,False,True,30000,-1,0,1131,3633,14,-1,39,44,241,964,-1,-1,33.01,-1,-1,-1"
"PATTY-GD-DELTA-PLUS-CLAUSES,numeric/ipc-2023/sugar,pfile13.pddl,True,False,4030.0000000000005,3,48,408,1065,3,3,39,44,241,241,4,36,9.71,7,-1,-1"
"PATTY-GD-DELTA-PLUS-CLAUSES,numeric/ipc-2023/sugar,pfile14.pddl,True,False,9380.0,7,117,408,1066,7,7,39,44,241,241,6,82,9.59,23,-1,-1"
"PATTY-GD-DELTA-PLUS-CLAUSES,numeric/ipc-2023/sugar,pfile15.pddl,True,False,15170.0,15,196,408,1065,15,15,39,44,241,241,6,130,9.56,47,-1,-1"
"PATTY-GD-DELTA-PLUS-CLAUSES,numeric/ipc-2023/sugar,pfile16.pddl,True,False,20040.0,20,254,408,1066,20,20,39,44,241,241,5,178,9.63,63,-1,-1"
"PATTY-GD-DELTA-PLUS-CLAUSES,numeric/ipc-2023/sugar,pfile17.pddl,True,False,5470.0,4,42,649,1921,4,4,39,44,241,482,2,41,17.17,1,-1,-1"
"PATTY-GD-DELTA-PLUS-CLAUSES,numeric/ipc-2023/sugar,pfile18.pddl,True,False,5490.0,4,55,649,1921,4,4,39,44,241,482,4,42,17.24,7,-1,-1"
"PATTY-GD-DELTA-PLUS-CLAUSES,numeric/ipc-2023/sugar,pfile19.pddl,True,False,10000.0,5,82,649,1921,5,5,39,44,241,482,6,48,17.34,10,-1,-1"
"PATTY-GD-DELTA-PLUS-CLAUSES,numeric/ipc-2023/sugar,pfile20.pddl,True,False,5020.0,4,75,649,1921,4,4,39,44,241,482,7,50,17.54,6,-1,-1"
"PATTY-GD-DELTA-PLUS-CLAUSES,numeric/ipc-2023/tpp,p02.pddl,True,False,1170.0,2,10,97,262,2,2,6,10,50,50,1,10,4.85,0,-1,-1"
"PATTY-GD-DELTA-PLUS-CLAUSES,numeric/ipc-2023/tpp,p04.pddl,True,False,1180.0,2,10,125,322,2,2,6,16,58,58,1,10,4.69,0,-1,-1"
"PATTY-GD-DELTA-PLUS-CLAUSES,numeric/ipc-2023/tpp,p06.pddl,True,False,11710.0,4,30,356,984,4,4,11,40,187,187,1,30,6.81,0,-1,-1"
"PATTY-GD-DELTA-PLUS-CLAUSES,numeric/ipc-2023/tpp,p07.pddl,True,False,7290.0,7,47,376,1028,7,7,11,44,193,193,1,47,6.98,0,-1,-1"
"PATTY-GD-DELTA-PLUS-CLAUSES,numeric/ipc-2023/tpp,p17.pddl,False,True,30000,-1,0,1630,4434,1,-1,21,203,811,811,-1,-1,10.58,-1,-1,-1"
"PATTY-GD-DELTA-PLUS-CLAUSES,numeric/ipc-2023/tpp,p18.pddl,False,True,30000,-1,0,1686,4562,1,-1,21,213,829,829,-1,-1,10.54,-1,-1,-1"
"PATTY-GD-DELTA-PLUS-CLAUSES,numeric/ipc-2023/tpp,p20.pddl,False,True,30000,-1,0,1810,4846,1,-1,21,235,869,869,-1,-1,10.5,-1,-1,-1"
"PATTY-GD-DELTA-PLUS-CLAUSES,numeric/ipc-2023/tpp,p21.pddl,False,True,30000,-1,0,2531,6904,1,-1,26,315,1262,1262,-1,-1,12.62,-1,-1,-1"
"PATTY-GD-DELTA-PLUS-CLAUSES,numeric/ipc-2023/tpp,p22.pddl,False,True,30000,-1,0,2605,7074,1,-1,26,328,1286,1286,-1,-1,12.54,-1,-1,-1"
"PATTY-GD-DELTA-PLUS-CLAUSES,numeric/ipc-2023/tpp,p24.pddl,False,True,30000,-1,0,2729,7358,1,-1,26,350,1326,1326,-1,-1,12.41,-1,-1,-1"
"PATTY-GD-DELTA-PLUS-CLAUSES,numeric/ipc-2023/tpp,p25.pddl,False,True,30000,-1,0,2791,7500,1,-1,26,361,1346,1346,-1,-1,12.46,-1,-1,-1"
"PATTY-GD-DELTA-PLUS-CLAUSES,numeric/ipc-2023/tpp,p28.pddl,False,True,30000,-1,0,3764,10224,1,-1,31,476,1855,1855,-1,-1,14.45,-1,-1,-1"
"PATTY-GD-DELTA-PLUS-CLAUSES,numeric/ipc-2023/tpp,p29.pddl,False,True,30000,-1,0,3874,10478,1,-1,31,495,1891,1891,-1,-1,14.29,-1,-1,-1"
"PATTY-GD-DELTA-PLUS-CLAUSES,numeric/ipc-2023/tpp,p30.pddl,False,True,30000,-1,0,3942,10634,1,-1,31,507,1913,1913,-1,-1,14.27,-1,-1,-1"
"PATTY-GD-DELTA-PLUS-CLAUSES,numeric/ipc-2023/tpp,p33.pddl,False,True,30000,-1,0,5073,13810,1,-1,36,640,2508,2508,-1,-1,16.28,-1,-1,-1"
"PATTY-GD-DELTA-PLUS-CLAUSES,numeric/ipc-2023/tpp,p34.pddl,False,True,30000,-1,0,5171,14036,1,-1,36,657,2540,2540,-1,-1,16.18,-1,-1,-1"
"PATTY-GD-DELTA-PLUS-CLAUSES,numeric/ipc-2023/tpp,p36.pddl,False,True,30000,-1,0,6230,17130,1,-1,41,769,3145,3145,-1,-1,18.37,-1,-1,-1"
"PATTY-GD-DELTA-PLUS-CLAUSES,numeric/ipc-2023/tpp,p37.pddl,False,True,30000,-1,0,-1,-1,-1,-1,41,785,3175,-1,-1,-1,-1,-1,-1,-1"
"PATTY-GD-DELTA-PLUS-CLAUSES,numeric/ipc-2023/tpp,p38.pddl,False,True,30000,-1,0,6432,17596,1,-1,41,804,3211,3211,-1,-1,18.31,-1,-1,-1"
"PATTY-GD-DELTA-PLUS-CLAUSES,numeric/ipc-2023/tpp,p39.pddl,False,True,30000,-1,0,6572,17920,1,-1,41,828,3257,3257,-1,-1,18.26,-1,-1,-1"
"PATTY-GD-DELTA-PLUS-CLAUSES,numeric/ipc-2023/zenotravel,pfile1.pddl,True,False,1070.0,2,9,75,191,2,2,15,3,37,37,1,9,6.41,0,-1,-1"
"PATTY-GD-DELTA-PLUS-CLAUSES,numeric/ipc-2023/zenotravel,pfile10.pddl,True,False,3580.0,2,35,569,1759,2,2,79,7,393,393,1,35,14.26,0,-1,-1"
"PATTY-GD-DELTA-PLUS-CLAUSES,numeric/ipc-2023/zenotravel,pfile11.pddl,True,False,2390.0,1,19,651,2075,1,1,81,7,471,471,1,19,17.54,0,-1,-1"
"PATTY-GD-DELTA-PLUS-CLAUSES,numeric/ipc-2023/zenotravel,pfile12.pddl,True,False,5920.0,2,32,705,2237,2,2,90,7,507,507,1,32,18.21,0,-1,-1"
"PATTY-GD-DELTA-PLUS-CLAUSES,numeric/ipc-2023/zenotravel,pfile13.pddl,True,False,11550.0,3,47,813,2561,3,3,108,7,579,579,1,47,18.01,0,-1,-1"
"PATTY-GD-DELTA-PLUS-CLAUSES,numeric/ipc-2023/zenotravel,pfile15.pddl,False,True,30000,-1,0,3903,13655,1,-1,315,11,3245,3245,-1,-1,51.66,-1,-1,-1"
"PATTY-GD-DELTA-PLUS-CLAUSES,numeric/ipc-2023/zenotravel,pfile16.pddl,False,True,30000,-1,0,4803,17015,1,-1,355,11,4065,4065,-1,-1,74.12,-1,-1,-1"
"PATTY-GD-DELTA-PLUS-CLAUSES,numeric/ipc-2023/zenotravel,pfile17.pddl,False,True,30000,-1,0,-1,-1,-1,-1,500,11,5765,-1,-1,-1,-1,-1,-1,-1"
"PATTY-GD-DELTA-PLUS-CLAUSES,numeric/ipc-2023/zenotravel,pfile18.pddl,False,True,30000,-1,0,-1,-1,-1,-1,550,11,6845,-1,-1,-1,-1,-1,-1,-1"
"PATTY-GD-DELTA-PLUS-CLAUSES,numeric/ipc-2023/zenotravel,pfile19.pddl,False,True,30000,-1,0,-1,-1,-1,-1,725,11,9005,-1,-1,-1,-1,-1,-1,-1"
"PATTY-GD-DELTA-PLUS-CLAUSES,numeric/ipc-2023/zenotravel,pfile2.pddl,True,False,1050.0,2,9,75,191,2,2,15,3,37,37,1,9,6.42,0,-1,-1"
"PATTY-GD-DELTA-PLUS-CLAUSES,numeric/ipc-2023/zenotravel,pfile20.pddl,False,True,30000,-1,0,-1,-1,-1,-1,785,11,10345,-1,-1,-1,-1,-1,-1,-1"
"PATTY-GD-DELTA-PLUS-CLAUSES,numeric/ipc-2023/zenotravel,pfile21.pddl,False,True,30000,-1,0,-1,-1,-1,-1,1025,11,13755,-1,-1,-1,-1,-1,-1,-1"
"PATTY-GD-DELTA-PLUS-CLAUSES,numeric/ipc-2023/zenotravel,pfile22.pddl,False,True,30000,-1,0,-1,-1,-1,-1,1375,11,19505,-1,-1,-1,-1,-1,-1,-1"
"PATTY-GD-DELTA-PLUS-CLAUSES,numeric/ipc-2023/zenotravel,pfile23.pddl,False,True,30000,-1,0,-1,-1,-1,-1,1775,11,26255,-1,-1,-1,-1,-1,-1,-1"
"PATTY-GD-DELTA-PLUS-CLAUSES,numeric/ipc-2023/zenotravel,pfile3.pddl,True,False,1070.0,1,8,151,417,1,1,26,5,86,86,1,8,6.91,0,-1,-1"
"PATTY-GD-DELTA-PLUS-CLAUSES,numeric/ipc-2023/zenotravel,pfile4.pddl,True,False,1430.0,2,18,173,475,2,2,31,5,98,98,1,18,6.97,0,-1,-1"
"PATTY-GD-DELTA-PLUS-CLAUSES,numeric/ipc-2023/zenotravel,pfile5.pddl,True,False,1120.0,1,14,207,605,1,1,32,5,130,130,1,14,9.63,0,-1,-1"
"PATTY-GD-DELTA-PLUS-CLAUSES,numeric/ipc-2023/zenotravel,pfile6.pddl,True,False,1240.0,2,19,235,681,2,2,38,5,146,146,1,19,9.83,0,-1,-1"
"PATTY-GD-DELTA-PLUS-CLAUSES,numeric/ipc-2023/zenotravel,pfile8.pddl,True,False,2160.0,1,17,477,1487,1,1,63,7,333,333,1,17,13.97,0,-1,-1"
"PATTY-GD-DELTA-PLUS-CLAUSES,numeric/line-exchange,3_10_50_10.pddl,True,False,1360.0,5,83,127,358,5,5,5,8,16,80,10,28,5.93,17,-1,-1"
"PATTY-GD-DELTA-PLUS-CLAUSES,numeric/line-exchange,3_10_90_50.pddl,True,False,1350.0,3,128,87,230,3,3,5,8,16,48,27,20,4.29,12,-1,-1"
"PATTY-GD-DELTA-PLUS-CLAUSES,numeric/line-exchange,3_15_25_100.pddl,False,True,30000,-1,0,47,102,284,-1,5,8,16,16,-1,-1,2.61,-1,-1,-1"
"PATTY-GD-DELTA-PLUS-CLAUSES,numeric/line-exchange,3_15_90_10.pddl,True,False,1960.0,8,168,127,358,8,8,5,8,16,80,22,52,5.93,33,-1,-1"
"PATTY-GD-DELTA-PLUS-CLAUSES,numeric/line-exchange,3_5_50_50.pddl,True,False,1430.0,5,249,127,358,5,5,5,8,16,80,50,34,5.93,19,-1,-1"
"PATTY-GD-DELTA-PLUS-CLAUSES,numeric/line-exchange,3_5_90_100.pddl,True,False,1180.0,5,448,127,358,5,5,5,8,16,80,100,34,5.93,19,-1,-1"
"PATTY-GD-DELTA-PLUS-CLAUSES,numeric/line-exchange,4_10_25_10.pddl,False,True,30000,-1,0,66,145,274,-1,7,11,23,23,-1,-1,2.63,-1,-1,-1"
"PATTY-GD-DELTA-PLUS-CLAUSES,numeric/line-exchange,4_10_50_50.pddl,False,True,30000,-1,0,66,145,275,-1,7,11,23,23,-1,-1,2.63,-1,-1,-1"
"PATTY-GD-DELTA-PLUS-CLAUSES,numeric/line-exchange,4_10_90_100.pddl,True,False,1610.0,3,440,124,331,3,3,7,11,23,69,52,26,4.36,13,-1,-1"
"PATTY-GD-DELTA-PLUS-CLAUSES,numeric/line-exchange,4_15_50_10.pddl,False,True,30000,-1,0,66,145,244,-1,7,11,23,23,-1,-1,2.63,-1,-1,-1"
"PATTY-GD-DELTA-PLUS-CLAUSES,numeric/line-exchange,4_15_90_50.pddl,True,False,2130.0,8,687,182,517,8,8,7,11,23,115,50,64,6.05,33,-1,-1"
"PATTY-GD-DELTA-PLUS-CLAUSES,numeric/line-exchange,4_5_25_50.pddl,True,False,1060.0,3,230,124,331,3,3,7,11,23,69,27,26,4.36,12,-1,-1"
"PATTY-GD-DELTA-PLUS-CLAUSES,numeric/line-exchange,4_5_50_100.pddl,False,True,30000,-1,0,66,145,287,-1,7,11,23,23,-1,-1,2.63,-1,-1,-1"
"PATTY-GD-DELTA-PLUS-CLAUSES,numeric/line-exchange,5_10_25_50.pddl,True,False,3660.0,8,764,237,676,8,8,9,14,30,150,50,94,6.12,45,-1,-1"
"PATTY-GD-DELTA-PLUS-CLAUSES,numeric/line-exchange,5_10_50_100.pddl,False,True,30000,-1,0,85,188,161,-1,9,14,30,30,-1,-1,2.65,-1,-1,-1"
"PATTY-GD-DELTA-PLUS-CLAUSES,numeric/line-exchange,5_15_25_10.pddl,True,False,7250.0,13,412,237,676,13,13,9,14,30,150,10,149,6.12,88,-1,-1"
"PATTY-GD-DELTA-PLUS-CLAUSES,numeric/line-exchange,5_15_50_50.pddl,False,True,30000,-1,0,85,188,120,-1,9,14,30,30,-1,-1,2.65,-1,-1,-1"
"PATTY-GD-DELTA-PLUS-CLAUSES,numeric/line-exchange,5_15_90_100.pddl,True,False,10020.0,20,3480,237,676,20,20,9,14,30,150,100,240,6.12,135,-1,-1"
"PATTY-GD-DELTA-PLUS-CLAUSES,numeric/line-exchange,5_5_25_100.pddl,False,True,30000,-1,0,85,188,171,-1,9,14,30,30,-1,-1,2.65,-1,-1,-1"
"PATTY-GD-DELTA-PLUS-CLAUSES,numeric/line-exchange,5_5_90_10.pddl,True,False,4410.0,11,381,237,676,11,11,9,14,30,150,10,136,6.12,68,-1,-1"